0 0.36167235494880545 0.35591800356506237 0.14987713310580203 0.4550802139037433
0 0.02651194539249147 0.379982174688057 0.049290102389078494 0.33923351158645276
1 0.2139658703071672 0.3823707664884135 0.15390443686006827 0.4794474153297683
0 0.5167303754266211 0.3841354723707665 0.1634470989761092 0.49016042780748664
1 0.09365870307167236 0.39454545454545453 0.10169283276450511 0.41349376114082
0 0.8812491467576792 0.4328698752228164 0.10517406143344711 0.28336898395721927
0 0.658655290102389 0.44415329768270945 0.1235221843003413 0.4366844919786096
0 0.7760955631399318 0.45960784313725483 0.11616382252559727 0.39388591800356504
0 0.44043003412969284 0.6734937611408199 0.156320819112628 0.3677718360071301
0 0.04118771331058021 0.684795008912656 0.042245733788395905 0.26319073083778965
0 0.3053378839590444 0.690427807486631 0.114580204778157 0.26611408199643494
1 0.07989078498293516 0.7127272727272727 0.06776791808873721 0.23821746880570407
0 0.7054334470989762 0.7195543672014261 0.12007508532423208 0.33629233511586454
1 0.21505119453924915 0.7210338680926917 0.07602730375426621 0.22869875222816402
0 0.5797747440273038 0.7263814616755794 0.13698976109215016 0.32379679144385026
0 0.14222525597269625 0.7332263814616755 0.08607508532423208 0.2709090909090909