1 0.5385976729944887 0.3522366288492707 0.15254133496631966 0.5121393841166937
1 0.394745866503368 0.35414910858995136 0.13078383343539499 0.45324149108589945
1 0.24109001837109614 0.3765640194489465 0.17437232088181262 0.5369529983792545
0 0.10627679118187386 0.3841166936790924 0.13164115125535825 0.4181199351701783
1 0.6734660134721372 0.3860129659643436 0.12366197183098591 0.5018638573743922
1 0.8708266993263931 0.3906158833063209 0.08250459277403552 0.3705672609400324
1 0.7814880587875077 0.3992544570502431 0.09052051439069198 0.4591734197730956
1 0.034672382118799756 0.4243760129659643 0.06281077770973667 0.4899837925445705
1 0.7047152480097979 0.6726094003241491 0.10933864053888549 0.23230145867098867
1 0.4530434782608696 0.6885413290113452 0.14320269442743416 0.36247974068071315
1 0.593423147581139 0.7012479740680714 0.14004898958971218 0.31116693679092383
1 0.32220453153704837 0.7028525121555916 0.12176974892835273 0.3143922204213938
1 0.08635027556644212 0.7247487844408428 0.05341702388242499 0.26847649918962724
1 0.13893447642375994 0.7250243111831443 0.07449479485609309 0.270097244732577
1 0.038469075321494184 0.7463533225283631 0.036037966932026946 0.14528363047001622
1 0.21561543172075937 0.753387358184765 0.08986527862829148 0.23278768233387356