1 0.7500373754152824 0.3499926035502959 0.08124584717607973 0.25806952662721894
1 0.80515780730897 0.35110946745562127 0.02638704318936877 0.17944526627218935
1 0.13640780730897012 0.3856139053254438 0.030963455149501662 0.20115384615384613
1 0.6599501661129569 0.3900443786982249 0.09972591362126246 0.2682100591715976
0 0.2690406976744186 0.3936168639053254 0.10026578073089701 0.2734023668639053
0 0.18426495016611294 0.40335798816568047 0.06574750830564784 0.26920118343195265
1 0.5403696013289037 0.4280103550295858 0.15505398671096346 0.3175
1 0.3890199335548173 0.4372633136094674 0.15376661129568106 0.3192529585798817
1 0.6950581395348837 0.5419230769230768 0.09153239202657808 0.20809171597633133
1 0.25911129568106317 0.5721079881656804 0.0908513289036545 0.14470414201183432
1 0.6045058139534885 0.5854215976331361 0.07884136212624585 0.18613905325443786
1 0.34551495016611294 0.5889866863905325 0.09034468438538207 0.1997041420118343
1 0.4329568106312292 0.6310281065088758 0.07918604651162792 0.1669008875739645
1 0.526906146179402 0.6539866863905326 0.08160299003322259 0.12988165680473374