1 0.2677735308170091 0.43414322250639387 0.10610606784519828 0.24931798806479114
1 0.3954515050167224 0.44928388746803066 0.16651696129957 0.2693691389599318
1 0.6951696129956999 0.45280477408354647 0.11331103678929766 0.26190963341858486
1 0.5607596751075012 0.45428815004262574 0.16268036311514572 0.27811594202898554
1 0.18077878643096035 0.46005115089514065 0.06207357859531772 0.21757885763000853
1 0.7796703296703297 0.47421994884910484 0.06504538939321547 0.2595652173913044
1 0.12748686096512182 0.4788235294117647 0.049130434782608694 0.1894458653026428
1 0.8234687052078357 0.49798806479113383 0.045303392259914 0.1864705882352941
1 0.23373626373626372 0.5918584825234442 0.08092689918776876 0.15896845694799658
1 0.16623984710941234 0.5982523444160273 0.050625895843287146 0.08907075873827792
1 0.32664118490205446 0.5988917306052856 0.10249402771141902 0.17050298380221654
1 0.7709794553272814 0.6206223358908781 0.05851887243191591 0.16026427962489345
1 0.6089058767319637 0.624458653026428 0.11277114190157668 0.15342710997442455
1 0.7011419015766842 0.6284057971014493 0.08559961777353081 0.14382779198635975
1 0.41613473483038704 0.6374765558397272 0.09312470138557095 0.12657289002557545
1 0.5102627806975634 0.6391730605285593 0.09347826086956522 0.12997442455242966
1 0.8176731963688486 0.6431287297527707 0.048767319636884854 0.11185848252344417