1 0.7160213488597769 0.40668587896253605 0.09820960698689957 0.30343900096061477
0 0.7855846676370694 0.40882804995196925 0.06214944201843765 0.30981748318924107
1 0.3303105288694808 0.41522574447646493 0.129665211062591 0.294985590778098
1 0.8542261038330907 0.4195389048991355 0.01646288209606987 0.1391162343900096
1 0.8318922852983989 0.42574447646493757 0.03211547792333819 0.20512007684918349
0 0.24136826783114992 0.4296157540826129 0.08757884522076662 0.3059846301633045
1 0.4672489082969432 0.43243996157540826 0.1504949053857351 0.33109510086455335
1 0.6033867054827753 0.43542747358309314 0.1432751091703057 0.3241402497598463
1 0.1403833090732654 0.4388472622478386 0.04897622513343037 0.199433237271854
1 0.1763124696749151 0.4398751200768492 0.04899078117418729 0.25664745437079733
1 0.8228044638524987 0.5573006724303554 0.029437166424065988 0.08539865513928915
1 0.7816933527413876 0.5965898174831892 0.047704997573993206 0.1149759846301633
1 0.3214701601164483 0.6295004803073967 0.08310043668122272 0.17442843419788667
1 0.7386899563318777 0.643016330451489 0.06889859291606017 0.20752161383285303
1 0.40623968947113054 0.6444764649375601 0.09573508005822416 0.18327569644572525
1 0.6700339640950995 0.6505091258405379 0.08702571567200389 0.19772334293948127
1 0.4944444444444444 0.6590778097982709 0.10186802523047064 0.1565609990393852
1 0.5871712760795731 0.6654658981748319 0.09069383794274623 0.16088376560999038