1 0.7069609775325187 0.5464579989299091 0.07804887662593614 0.2161369716425896
1 0.23566811194324006 0.5481540930979133 0.06834055971620023 0.18421615837346175
1 0.521344107213244 0.5499411449973247 0.10519511233740639 0.17350454788657035
1 0.6200551832873472 0.5510968432316747 0.09816318486401261 0.1911556982343499
1 0.4216515569570359 0.5532370251471375 0.09186046511627907 0.17404494382022473
1 0.3218289318092235 0.554665596575709 0.0903508080409933 0.18047084002140182
1 0.5244383129680725 0.3273622257891921 0.16288529759558534 0.24163723916532906
1 0.3679700433582972 0.33823434991974316 0.15582577847851792 0.2305831995719636
1 0.6565431612140323 0.34118245050829316 0.1137091052424123 0.19794007490636703
1 0.7703626330311392 0.34742108079186734 0.1046945210878991 0.15978063135366505
1 0.2471107607410327 0.3680310326377742 0.0917461568782026 0.16673087212413054
1 0.15963736696886086 0.38630283574103796 0.08497437918801735 0.12767790262172285
1 0.7737997635001971 0.5072177635098983 0.06472999605833661 0.1412306046013911
1 0.16640914465904613 0.5193525949705725 0.07959795033504138 0.11411985018726592