1 0.5883073170731707 0.3324761904761905 0.16116585365853658 0.3169142857142857
1 0.43003902439024394 0.3443904761904762 0.1632829268292683 0.3310095238095238
1 0.7139560975609756 0.3481238095238095 0.09767317073170731 0.2702952380952381
1 0.29193658536585365 0.3764857142857143 0.10523414634146341 0.2949809523809524
1 0.7916292682926829 0.3888666666666667 0.06821463414634146 0.2567238095238095
1 0.840209756097561 0.4178952380952381 0.036107317073170726 0.19726666666666667
1 0.20132195121951219 0.43510476190476194 0.0797170731707317 0.32978095238095234
1 0.14588780487804878 0.4891714285714286 0.055668292682926834 0.19659047619047618
1 0.6715512195121952 0.5825428571428571 0.10637560975609756 0.20730476190476188
1 0.5696829268292682 0.5911333333333334 0.10446341463414635 0.22305714285714287
1 0.7593853658536586 0.5971142857142857 0.08594634146341464 0.2508952380952381
0 0.8103317073170732 0.5981809523809524 0.08737073170731707 0.19273333333333334
1 0.3558780487804878 0.6123714285714286 0.10280487804878048 0.2234095238095238
1 0.46163414634146344 0.626152380952381 0.10817073170731707 0.26787619047619043
1 0.26380487804878044 0.6394857142857143 0.0916 0.23055238095238095
1 0.18785365853658537 0.6603809523809524 0.0772829268292683 0.14761904761904762