1 0.5340221402214022 0.3624467005076142 0.13345282024248814 0.26228426395939086
1 0.38145492883500265 0.3660304568527919 0.17005798629414867 0.28691370558375634
1 0.2324196099103848 0.41351269035532995 0.12987875593041645 0.22204060913705584
1 0.6610911966262519 0.41994923857868016 0.1433210332103321 0.2861522842639594
1 0.7724934106483923 0.4593502538071066 0.09373220875065894 0.25264974619289343
1 0.8395782814971007 0.47909644670050766 0.04453347390616764 0.2617360406091371
1 0.3172957301001581 0.5254213197969543 0.12537163943068003 0.17656852791878172
1 0.4524723247232473 0.5306395939086294 0.14472851871375858 0.2237969543147208
1 0.5777701634159199 0.577746192893401 0.10278334211913547 0.20286294416243655
1 0.6666947812335267 0.6239492385786802 0.07043226146547181 0.15860913705583754
1 0.7323299947285187 0.6386497461928935 0.07062730627306273 0.16206091370558376
1 0.7969952556668425 0.6471675126903553 0.058429098576700055 0.1450659898477157