1 0.12303393213572854 0.3201365546218487 0.05034431137724551 0.12491596638655462
1 0.15892215568862275 0.33311974789915966 0.05236526946107784 0.11305672268907563
1 0.21570858283433134 0.3769012605042017 0.08150698602794411 0.20439075630252102
1 0.8389770459081836 0.37730042016806725 0.03714570858283433 0.17741596638655463
1 0.3064720558882235 0.4065441176470588 0.11094810379241517 0.23719537815126052
1 0.7960079840319362 0.40689075630252103 0.06479540918163672 0.2282142857142857
1 0.7204790419161676 0.43246848739495797 0.08780938123752495 0.25293067226890753
1 0.4385878243512974 0.46843487394957983 0.16386227544910179 0.2767752100840336
1 0.6001147704590819 0.49211134453781513 0.1558882235528942 0.25684873949579834
1 0.22015469061876247 0.508140756302521 0.08100798403193613 0.15387605042016808
1 0.30854790419161676 0.5385294117647058 0.09270459081836327 0.11683823529411765