0 0.12771445020149683 0.2964090368608799 0.11632124352331606 0.491474435196195
0 0.05385722510074842 0.33996432818073724 0.05058146229130685 0.31361474435196196
0 0.2511744386873921 0.3414982164090368 0.14032815198618306 0.428038049940547
1 0.39769142199194013 0.4087395957193817 0.19421991940126657 0.4592984542211653
0 0.731951640759931 0.41255648038049936 0.1190846286701209 0.4424256837098692
1 0.8365515256188831 0.42165279429250896 0.08260218767990789 0.41872770511296076
1 0.5901554404145077 0.4247324613555291 0.19496833621185955 0.47059453032104637
1 0.889706390328152 0.46725326991676575 0.03880253310305124 0.3161474435196195
0 0.10454231433506045 0.5707966706302021 0.06077720207253886 0.1678002378121284
1 0.21229130685089234 0.6214982164090368 0.15057570523891767 0.3512960760998811
1 0.3325100748416811 0.6814030915576694 0.11216465169833047 0.3015101070154578
1 0.6618825561312608 0.704756242568371 0.09744386873920552 0.2537217598097503
1 0.7741738629821532 0.7305350772889417 0.13506044905008635 0.3562782401902497
1 0.4510305123776627 0.7329250891795481 0.10355210132412206 0.25507728894173604
1 0.5612320092112838 0.7469560047562427 0.11438687392055268 0.23519619500594532