0 0.19220507715281235 0.36622813156053186 0.1099054255848681 0.27103568929321203
0 0.28042807366849176 0.3748285514345696 0.10615729218516676 0.30037088873338
0 0.3821304131408661 0.397480755773268 0.12256844201095073 0.2817634709587124
0 0.524773519163763 0.4309307207837648 0.15577899452463911 0.25545836249125264
0 0.6637829766052762 0.45883834849545135 0.1266600298656048 0.1987193841847446
1 0.21364858138377305 0.5789293212036389 0.05273270283723245 0.17382085374387682
1 0.2473419611747138 0.5863470958712386 0.07865604778496765 0.17440867739678095
1 0.7727725236436038 0.5922253324002799 0.12337481333997014 0.14653603918824354
1 0.2927575908412145 0.5949685094471658 0.08952712792434048 0.1755703289013296
1 0.36675460428073664 0.6091112666200139 0.10957192633150821 0.168740377886634
1 0.48037829766052764 0.6135759272218334 0.15529616724738676 0.18001399580125962
1 0.6439173718267795 0.6246186144156753 0.12847187655550027 0.139370188943317