1 0.12849722312969616 0.6038994356080041 0.05132963083959491 0.12723447922011288
1 0.16117935315256451 0.613817342226783 0.06916367200261353 0.12893791688045153
1 0.7834433191767396 0.6197178040020523 0.07669389088533159 0.11166752180605438
1 0.22185233583796146 0.6260492560287327 0.08677883044756615 0.1400513083632632
1 0.7004965697484482 0.626818881477681 0.0936327997386475 0.16247819394561314
1 0.3120483502123489 0.639297075423294 0.0967265599477295 0.17238070805541306
1 0.6073048023521725 0.6471677783478706 0.10689970597843843 0.14981015905592612
1 0.41328977458346944 0.6616213442791175 0.09635739954263313 0.13936890713186248
1 0.5014799085266253 0.6622216521292971 0.10206141783730807 0.13749615187275527
1 0.1530610911466841 0.4212570548999487 0.060568441685723624 0.20420728578758338
1 0.24612544919960797 0.42756798358132375 0.10465534139170207 0.2360082093381221
1 0.36873244037896113 0.45630066700872246 0.14906893172165958 0.2715751667521806
1 0.765968637700098 0.46255002565418163 0.09360013067624959 0.18759876859928168
1 0.8280594576935643 0.46648537711647 0.04585102907546553 0.13800410466906107
1 0.6584482195360993 0.4724679322729605 0.11872263966024175 0.2115443817342227
1 0.5161287161058478 0.4751257054899949 0.15200914733747142 0.24831195484864033