1 0.21146011396011394 0.5336151452282157 0.05184472934472935 0.13259336099585062
1 0.2702991452991453 0.5661307053941909 0.06569088319088319 0.13327282157676348
1 0.7409615384615384 0.5692375518672199 0.0531517094017094 0.125
1 0.3513425925925926 0.5924066390041495 0.08784188034188034 0.15470954356846472
1 0.6853311965811966 0.5937033195020748 0.06042735042735043 0.11892634854771784
1 0.43749643874643873 0.6123029045643154 0.08172364672364672 0.1412085062240664
1 0.5269658119658119 0.6149740663900415 0.09081552706552706 0.14692946058091286
1 0.612289886039886 0.6169605809128631 0.08161680911680912 0.1187396265560166
1 0.23933404558404556 0.3514004149377593 0.0875 0.18617219917012448
1 0.7815099715099715 0.37060684647302905 0.07770299145299145 0.20380186721991703
1 0.33059116809116806 0.39921161825726137 0.09004985754985756 0.14898340248962655
1 0.7089529914529915 0.4046576763485477 0.07347934472934474 0.1508817427385892
1 0.44305555555555554 0.431198132780083 0.13263176638176638 0.22610477178423236
1 0.592977207977208 0.4330186721991701 0.14663105413105412 0.2407935684647303