1 0.9298970487302676 0.30284525790349415 0.1402127659574468 0.4636272878535774
1 0.8109196980096087 0.31004991680532445 0.1289155799588195 0.500216306156406
1 0.6639739190116678 0.3216971713810316 0.17569663692518875 0.5057737104825292
0 0.48461221688400824 0.41905158069883525 0.19496225120109814 0.5806322795341098
1 0.31366506520247084 0.5258069883527454 0.14998627316403568 0.47911813643926787
1 0.16421413864104323 0.5945923460898502 0.14898421413864105 0.3837770382695508
1 0.8928551818805766 0.6045257903494177 0.03639670555936857 0.17742096505823626
1 0.7152573781743309 0.6616638935108153 0.06397391901166781 0.26286189683860234
1 0.8549691146190803 0.6633277870216306 0.044454358270418666 0.2639434276206323
1 0.7894028826355526 0.6688851913477537 0.08223061084420041 0.3304991680532446
0 0.5968085106382979 0.6960399334442595 0.17001372683596433 0.4958236272878536
1 0.42660260809883316 0.7517970049916805 0.17410432395332875 0.37324459234608987
1 0.2779066575154427 0.7637271214642263 0.11689773507206588 0.20076539101497504