1 0.17202702702702705 0.30580357142857145 0.07838260135135136 0.2544642857142857
1 0.8422677364864865 0.31770535714285714 0.06762246621621622 0.21875
0 0.7866765202702702 0.32886607142857144 0.10272381756756757 0.36607142857142855
0 0.3279856418918919 0.3474732142857143 0.12283783783783783 0.39136607142857144
0 0.23820945945945948 0.3638392857142857 0.08124155405405405 0.36458035714285714
1 0.7158783783783784 0.37350892857142853 0.12332770270270271 0.3244017857142857
1 0.5845650337837838 0.3824375 0.1663597972972973 0.3779732142857143
1 0.4458657094594594 0.39583035714285714 0.17349239864864865 0.39285714285714285
1 0.17202702702702705 0.4702410714285714 0.06993243243243243 0.1488125
1 0.20581925675675675 0.5029732142857143 0.05869087837837837 0.1547589285714286
1 0.24522804054054056 0.5334821428571429 0.056752533783783775 0.1532767857142857
1 0.31741976351351353 0.5528303571428571 0.11578969594594594 0.17410714285714285
1 0.7866469594594594 0.5535714285714286 0.06625422297297297 0.10714285714285714
1 0.6493538851351351 0.5751517857142857 0.0790160472972973 0.22470535714285714
1 0.7250380067567568 0.5766339285714286 0.08248733108108108 0.1264910714285714
1 0.38888091216216214 0.5863125 0.0954222972972973 0.17261607142857144
1 0.4747761824324324 0.6026785714285714 0.1011106418918919 0.20535714285714285
1 0.5631376689189189 0.6153303571428571 0.10609375 0.1800625