0 0.472486518873577 0.4210300429184549 0.14361294188136609 0.21370815450643776
0 0.3283343319352906 0.4210386266094421 0.1477231875374476 0.2686351931330472
0 0.20811863391252247 0.4266008583690987 0.11098861593768725 0.242068669527897
0 0.6214260035949671 0.4347639484978541 0.15389454763331337 0.21027467811158798
0 0.7691132414619534 0.4347639484978541 0.14509886159376872 0.16050643776824036
0 0.7951947273816657 0.5605236051502146 0.10732174955062912 0.11502145922746781
1 0.6792630317555423 0.5678111587982833 0.14015578190533254 0.15535622317596567
1 0.5402097064110246 0.5776824034334764 0.13766327142001197 0.14934763948497856
1 0.41434391851408026 0.5836824034334764 0.12079688436189336 0.14762231759656652
1 0.3253325344517675 0.6158798283261803 0.0817855002995806 0.12787124463519314
0 0.25430796884361895 0.6184549356223176 0.06196524865188736 0.15019742489270385
0 0.20605751947273818 0.6240429184549356 0.05414020371479928 0.13216309012875535