1 0.7615629593336599 0.657124268054652 0.09402253797158255 0.2992843201040989
1 0.11673689367956884 0.35540013012361743 0.070906418422342 0.17729342875731946
1 0.1938951494365507 0.3594664931685101 0.08803527682508575 0.20819778789850357
1 0.29493385595296423 0.36922576447625244 0.13087702106810387 0.23096942094990242
1 0.44557569818716314 0.37247885491216653 0.17492895639392453 0.27651268705270005
1 0.6194855463008329 0.3749186727391021 0.16754042136207742 0.2813923227065712
1 0.764625183733464 0.38874430709173713 0.11239588437040667 0.23747560182173064
1 0.8417834394904459 0.3928106701366298 0.05358647721705047 0.2391021470396877
1 0.8883292503674669 0.4074495770982433 0.04132778049975502 0.20006506180871828
1 0.08305732484076433 0.5278139232270657 0.059892209701126894 0.2033181522446324
1 0.13388535031847135 0.535946649316851 0.09294463498285153 0.2033181522446324
1 0.8901665850073494 0.5798633702016917 0.020509554140127388 0.12849707221860768
1 0.8687310142087212 0.5847430058555628 0.02663890249877511 0.1480156148340924
1 0.8319892209701126 0.6083279115159401 0.04869181773640372 0.19843851659076123
1 0.21103870651641354 0.6091411841249187 0.11252327290543851 0.31717631750162656
1 0.32800097991180793 0.6148340923877684 0.1259676629103381 0.2667534157449577
1 0.45047525722684956 0.631099544567339 0.11614404703576679 0.2635003253090436
1 0.6617442430181283 0.6343526350032531 0.0977217050465458 0.2635003253090436
1 0.5625428711415973 0.6441119063109955 0.11243998040176384 0.2830188679245283