0 0.43389354066985647 0.3462962962962963 0.15607057416267942 0.3131481481481481
0 0.2854605263157895 0.3680041152263374 0.15474282296650718 0.3252777777777778
0 0.5781339712918661 0.37530864197530867 0.1412799043062201 0.3020267489711934
0 0.16776913875598085 0.3921810699588477 0.10642942583732057 0.2970781893004115
0 0.7092942583732058 0.40915637860082305 0.11770933014354067 0.238858024691358
1 0.10654904306220096 0.44847736625514406 0.05672846889952153 0.2820576131687243
0 0.7451375598086124 0.6140843621399177 0.09580143540669857 0.18576131687242797
0 0.631214114832536 0.6408436213991769 0.13414473684210526 0.2335082304526749
1 0.38178827751196176 0.6570061728395062 0.11721291866028707 0.3081995884773662
0 0.5042523923444976 0.664917695473251 0.12252392344497609 0.34174897119341563
1 0.2934569377990431 0.6651234567901234 0.10111842105263158 0.2865740740740741
1 0.22627392344497607 0.6695473251028806 0.09377392344497607 0.29050411522633746
1 0.17108253588516747 0.6865226337448559 0.08215909090909092 0.2754938271604938
1 0.15049043062200956 0.7035082304526749 0.050604066985645936 0.2530761316872428