0 0.786030989272944 0.4770579382994733 0.06334922526817639 0.29794582392776525
1 0.2723837902264601 0.4770579382994733 0.11511720301946762 0.2678404815650865
1 0.7006197854588796 0.4785703536493604 0.11342073897497021 0.2979307750188111
1 0.1992928088994835 0.48607223476297967 0.06746126340882003 0.21668924003009782
1 0.5659475566150178 0.489849510910459 0.15238379022646006 0.30847253574115874
1 0.40784266984505363 0.4936117381489842 0.16195470798569725 0.3069751693002258
1 0.14367898291617004 0.49963130173062453 0.04681764004767581 0.18659142212189617
1 0.14765196662693683 0.6658991723100075 0.042054032578466426 0.14893905191873588
0 0.6410369487485101 0.6839729119638827 0.07847834723877632 0.21519939804364183
1 0.3554112038140644 0.690744920993228 0.09046483909415971 0.22873589164785554
1 0.1921414382201033 0.6922498118886381 0.06587206992451332 0.2287434161023326
1 0.2664243146603099 0.6952595936794582 0.08412793007548669 0.2166817155756208
0 0.7892133492252682 0.6967644845748683 0.045868096940802544 0.1745673438675696
1 0.4511481922924116 0.6982618510158014 0.09123559793404847 0.1896087283671934
0 0.7256495828367104 0.7042889390519187 0.07925307906237584 0.165522949586155
1 0.5464878823996822 0.7185854025583145 0.09756853396901073 0.15199398043641835