1 0.5414704700683005 0.3689469638739431 0.1544234632382483 0.38428900845503455
1 0.6692165528324628 0.372021521906226 0.11106066693451186 0.3248654880860876
1 0.3917476898352752 0.3788162951575711 0.14558055443953397 0.37737125288239814
1 0.2723382884692648 0.3803535741737125 0.09539172358376859 0.3128055342044581
1 0.7532422659702691 0.39548039969254417 0.06664925672961028 0.2979400461183705
1 0.7998392928887104 0.4096925441967717 0.04266372036962635 0.2587624903920061
1 0.20016874246685418 0.41136049192928514 0.06238650060265167 0.2846348962336664
1 0.16645640819606267 0.42943889315910844 0.04267175572519084 0.22746348962336665
1 0.7949537967055043 0.579684857801691 0.04492969063881077 0.09607993850883935
1 0.7517436721574929 0.5867255956956188 0.06036159100040177 0.11273635664873173
1 0.698155885897951 0.6005611068408917 0.06496584973885094 0.1465411222136818
1 0.20322217758135797 0.6058186010760953 0.043443149859381275 0.08681014604150653
1 0.260216954600241 0.6151652574942352 0.07677380474085979 0.16652574942352039
0 0.33771795901968665 0.6311837048424289 0.09908396946564886 0.1734358186010761
0 0.6205825632784251 0.6331053036126056 0.1011892326235436 0.16242890084550346
0 0.4268059461631177 0.6343812451960031 0.09072719967858578 0.17933128362797848
0 0.5183366813981519 0.6379707916986933 0.10894736842105264 0.18960030745580322