1 0.1569485294117647 0.38356435643564357 0.05787683823529412 0.15571782178217822
1 0.19556525735294117 0.3925433168316832 0.06464154411764705 0.16870049504950496
1 0.544765625 0.40264232673267325 0.12729319852941176 0.18646039603960396
0 0.6651332720588234 0.4119306930693069 0.10899356617647059 0.20995668316831684
0 0.7668060661764705 0.4130569306930693 0.10354319852941177 0.19492574257425743
1 0.2813924632352941 0.41636757425742577 0.12662224264705882 0.23120049504950496
0 0.8376746323529412 0.41873143564356435 0.11498621323529412 0.11551361386138613
1 0.41226102941176473 0.42183787128712874 0.13835018382352943 0.25038366336633666
1 0.8415119485294118 0.546615099009901 0.07974264705882353 0.09488242574257426
1 0.21333180147058822 0.5655878712871287 0.06586397058823529 0.13446782178217823
1 0.7737729779411765 0.5937561881188119 0.08716452205882352 0.12478341584158416
0 0.26207261029411766 0.5940532178217822 0.068984375 0.17738242574257423
0 0.7007628676470588 0.5965346534653465 0.10389246323529411 0.1435519801980198
0 0.33177849264705883 0.5985891089108911 0.07042738970588236 0.16170173267326732
0 0.6000873161764706 0.6095235148514851 0.12080882352941176 0.17944925742574258
0 0.4001194852941176 0.6162376237623762 0.08509191176470587 0.17344678217821782
0 0.48937500000000006 0.6169616336633663 0.0946875 0.18601485148514854