0 0.3850384843102428 0.3606549628629305 0.18513913558318532 0.1852802160702228
0 0.5595085849615157 0.36673193787981095 0.17891059798697453 0.16322079675894666
0 0.24326820603907637 0.3672923700202566 0.1213262285375962 0.16424713031735313
0 0.7294434576672587 0.3725455773126266 0.1624629958555358 0.16294395678595544
0 0.891101243339254 0.4110195813639433 0.13085849615156897 0.11989871708305198
1 0.17174067495559503 0.5138960162052667 0.057998815867377145 0.22788656313301822
1 0.19901124925991712 0.536799459824443 0.06191829484902309 0.22282241728561783
1 0.2504144464179988 0.5547197839297772 0.0800947306098283 0.2227548953409858
0 0.8841503848431024 0.5619851451721809 0.13175251628182358 0.1627548953409858
0 0.7408644168146832 0.5639500337609723 0.14932504440497335 0.21949358541525996
0 0.43715808170515097 0.5671303173531398 0.1356542332741267 0.23530722484807562
1 0.3337418590882179 0.574780553679946 0.10624629958555358 0.25151924375422013
0 0.5816400236826524 0.5986090479405807 0.17173475429248075 0.29950033760972317