0 0.8055072463768116 0.3240757439134355 0.11141449275362318 0.20895401262398555
0 0.6976985507246377 0.33318304779080254 0.11931014492753624 0.2596753832281335
1 0.5652463768115942 0.36238954012623986 0.14825507246376812 0.27162308385933276
1 0.4198434782608696 0.3713976555455365 0.15095072463768114 0.24999098286744817
1 0.2699304347826087 0.4101713255184851 0.1672927536231884 0.2607935076645627
1 0.10288695652173913 0.41118124436429215 0.06848115942028986 0.2082687105500451
1 0.15762898550724638 0.41783588818755635 0.10608115942028987 0.24366997294860235
1 0.7253913043478261 0.48309287646528404 0.09522318840579709 0.10594229035166816
0 0.6225913043478261 0.5463480613165014 0.10428985507246377 0.1571055004508566
1 0.15962318840579712 0.5943372407574391 0.04240579710144928 0.15664562669071236
1 0.5063246376811594 0.6068620378719567 0.14147246376811592 0.21370604147880973
0 0.30619130434782604 0.6229756537421101 0.08086376811594204 0.20759242560865646
0 0.2257333333333333 0.624102795311091 0.09627826086956523 0.19452660054102794
1 0.39215652173913046 0.6264652840396754 0.09558840579710144 0.23306582506762852