1 0.8194030465212021 0.34869763899466866 0.03478797859201317 0.17438690022848438
0 0.7743680526965829 0.36342726580350343 0.0633676410045286 0.23430312261995428
1 0.7032523672293125 0.3950418888042651 0.09691642651296829 0.23453922315308454
0 0.18952655413750516 0.3952856054836253 0.05363524083985179 0.17514089870525515
0 0.587521613832853 0.41064737242955063 0.1400988060930424 0.31146991622239145
0 0.24526554137505147 0.4225666412795126 0.06520790448744339 0.21449352627570448
0 0.44795800741045694 0.42346534653465345 0.14729518320296417 0.28125666412795125
0 0.32482091395636065 0.42968773800456966 0.09642239604775628 0.2408910891089109
0 0.20696171263894605 0.5331226199543031 0.03142033758748456 0.06294744859101295
1 0.6320090572251956 0.5663899466869764 0.08789625360230548 0.0797029702970297
0 0.24211198023878142 0.5679055597867478 0.04791272128447921 0.08375476009139375
0 0.29713462330177026 0.577936024371668 0.06601482091395636 0.09722772277227723
1 0.5455331412103746 0.6018050266565118 0.08574722107863318 0.10635186595582634
1 0.37612597776862905 0.6028179741051028 0.10068752573075339 0.1155064737242955
1 0.463779333058872 0.6066260472201066 0.0895100864553314 0.10889565879664889