1 0.2865198237885463 0.4251413292589763 0.07333600320384462 0.280855614973262
1 0.6982579094913897 0.4290909090909091 0.0648898678414097 0.2744690603514133
1 0.6026792150580698 0.4337967914438503 0.11988386063275933 0.34093964858670744
1 0.4749539447336804 0.43406417112299467 0.12875050060072088 0.34653170359052715
1 0.36891069283139766 0.43864018334606564 0.0859391269523428 0.27014514896867836
1 0.7575450540648778 0.4453934300993124 0.05951942330796957 0.25613445378151256
1 0.2321706047256708 0.45608097784568374 0.052202643171806166 0.24085561497326202
1 0.7924028834601522 0.47823529411764704 0.05174609531437726 0.22915202444614208
1 0.28878654385262315 0.6298701298701299 0.05650380456547858 0.06237585943468297
1 0.7490708850620745 0.63292589763178 0.05670804965959151 0.07255920550038197
1 0.7009331197436924 0.6419633307868602 0.04832198638366039 0.10744843391902216
1 0.3430516619943933 0.6516424751718869 0.06083700440528634 0.0911459129106188
1 0.6439126952342811 0.6685867074102367 0.06892270724869844 0.1326585179526356
1 0.4108169803764517 0.6696027501909855 0.0785622747296756 0.14589763177998472
0 0.48866639967961556 0.6709854851031322 0.08412895474569483 0.14003819709702062
0 0.5711934321185422 0.6717570664629489 0.08353624349219063 0.15378915202444615