0 0.3938227442605446 0.28455680399500627 0.1782060864922584 0.48466916354556805
0 0.24591030432461292 0.30410736579275904 0.11332621462893752 0.38665418227215975
0 0.5796849973304858 0.3347066167290887 0.1818259476775227 0.45157303370786517
0 0.1475974372664175 0.337191011235955 0.08684997330485851 0.38066167290886394
0 0.734981313400961 0.34705368289637956 0.12744260544580885 0.39204744069912606
0 0.08637479978643887 0.3580149812734082 0.054426054458088624 0.3037078651685393
0 0.8513561131873999 0.36765293383270914 0.11301121195942337 0.38665418227215975
0 0.9464709022957821 0.42676654182272156 0.0405766150560598 0.24179775280898877
0 0.9230112119594234 0.4324094881398252 0.0701708489054992 0.32218476903870163
0 0.6756219967965831 0.5765543071161049 0.11450080085424454 0.3104619225967541
0 0.09509877202349172 0.6057178526841448 0.056721836625734115 0.17154806491885144
0 0.33510411105178856 0.6172284644194757 0.10607047517351842 0.3724719101123596
0 0.14048585157501334 0.6271535580524344 0.08114255205552588 0.21923845193508115
0 0.5604004271222638 0.6411610486891386 0.10840363053924186 0.25019975031210984
0 0.22768820074746396 0.645318352059925 0.1075867592098238 0.3402746566791511
0 0.44548852108916176 0.6642322097378277 0.1121142552055526 0.4360424469413233
0 0.8625840896956753 0.6715230961298377 0.07389749065670048 0.25313358302122346
0 0.9159850507207689 0.6732584269662921 0.04537106246663108 0.26496878901373283
0 0.7760758142018153 0.7393258426966293 0.09426588360918313 0.40368289637952565