1 0.0673 0.307988614800759 0.13458333333333333 0.21580645161290324
0 0.9176500000000001 0.337134724857685 0.1565 0.19988614800759014
1 0.0775 0.4783301707779886 0.13176666666666667 0.1344022770398482
0 0.8461666666666666 0.5155028462998102 0.16911666666666667 0.2213851992409867
1 0.09905 0.6260910815939279 0.13101666666666667 0.14844402277039848
0 0.7607666666666666 0.6593927893738141 0.12608333333333335 0.16760910815939278
0 0.68855 0.7645540796963947 0.12331666666666666 0.16603415559772297
1 0.13271666666666665 0.7696584440227704 0.11961666666666666 0.1461100569259962
1 0.20983333333333334 0.8700759013282732 0.08868333333333334 0.12258064516129032
1 0.5837 0.8847248576850095 0.10805 0.1249146110056926
1 0.29469999999999996 0.9141366223908919 0.09394999999999999 0.10404174573055028
1 0.4777 0.9377039848197344 0.08863333333333333 0.1201707779886148
1 0.38861666666666667 0.9476091081593928 0.09568333333333333 0.10055028462998103
0 0.06708333333333333 0.11148007590132827 0.13038333333333335 0.19132827324478177