1 0.64678 0.4509705882352942 0.17258 0.1686176470588235
0 0.85384 0.47794117647058826 0.09602 0.13626470588235293
0 0.44404000000000005 0.4799117647058823 0.13241999999999998 0.20685294117647057
0 0.76044 0.48285294117647054 0.10678 0.14411764705882352
0 0.344 0.5009117647058824 0.08702 0.15082352941176472
1 0.15794 0.5014705882352941 0.12290000000000001 0.11861764705882352
0 0.26030000000000003 0.5044117647058823 0.08762 0.15785294117647058
1 0.8527 0.5589411764705882 0.10234 0.08458823529411766
1 0.76744 0.586264705882353 0.10076 0.1411764705882353
1 0.67644 0.6112647058823529 0.10923999999999999 0.17550000000000002
1 0.5877 0.6188235294117648 0.11844 0.15808823529411764
1 0.14594 0.6215588235294118 0.13624 0.16470588235294117
1 0.4686 0.6287647058823529 0.1153 0.14776470588235294
1 0.28764 0.6377352941176471 0.09431999999999999 0.17744117647058824
1 0.376 0.638235294117647 0.08438 0.14705882352941177