0 0.21583333333333332 0.4504782608695652 0.14686666666666667 0.1641304347826087
0 0.8412999999999999 0.5323913043478261 0.14743333333333333 0.13465217391304346
0 0.1831 0.5823478260869566 0.1376 0.14386956521739133
0 0.8649000000000001 0.6953043478260869 0.17453333333333332 0.20621739130434782
0 0.14723333333333333 0.7300434782608696 0.1644 0.21617391304347824
0 0.8702333333333333 0.8554782608695651 0.16416666666666666 0.1746086956521739
1 0.5988333333333333 0.0925217391304348 0.14366666666666666 0.1698695652173913
1 0.4469666666666667 0.09708695652173913 0.15303333333333333 0.17530434782608695
0 0.6983 0.1478695652173913 0.10893333333333333 0.13704347826086957
0 0.33576666666666666 0.16078260869565217 0.10236666666666668 0.13678260869565217
1 0.7673333333333333 0.2606521739130435 0.11770000000000001 0.16017391304347828
0 0.2624666666666666 0.27052173913043476 0.12353333333333334 0.1662608695652174
0 0.8083333333333333 0.40252173913043476 0.14963333333333334 0.15617391304347827