0 0.7967692307692308 0.49475 0.13966666666666666 0.17010714285714287
0 0.29930769230769233 0.57275 0.10002564102564102 0.12967857142857145
0 0.7642564102564102 0.6131071428571429 0.10853846153846153 0.11839285714285713
0 0.30628205128205127 0.6820714285714286 0.10587179487179486 0.10589285714285714
1 0.7024871794871795 0.7238571428571429 0.09935897435897435 0.13092857142857142
1 0.32605128205128203 0.7678571428571429 0.10135897435897437 0.0970357142857143
1 0.655974358974359 0.7979285714285714 0.09907692307692308 0.09585714285714286
1 0.36600000000000005 0.8268571428571428 0.06192307692307692 0.09439285714285714
1 0.579025641025641 0.8449285714285715 0.09633333333333334 0.09585714285714286
1 0.42879487179487175 0.8522142857142857 0.07994871794871795 0.06646428571428571
1 0.6326410256410256 0.08835714285714286 0.11489743589743591 0.12028571428571429
1 0.49971794871794867 0.8585357142857143 0.0862051282051282 0.07442857142857143
1 0.499051282051282 0.09821428571428571 0.155 0.13814285714285715
1 0.3451025641025641 0.11185714285714286 0.1555897435897436 0.12592857142857142