0 0.2417008797653959 0.4727859237536657 0.1729325513196481 0.34725806451612906
1 0.3954349951124144 0.4801026392961877 0.16424242424242425 0.3275806451612903
1 0.7508895405669599 0.48702346041055716 0.18474095796676443 0.3472727272727273
1 0.5728445747800587 0.48755131964809384 0.19453567937438904 0.3885483870967742
0 0.08380254154447703 0.5144574780058652 0.16760508308895405 0.2723020527859238
1 0.9008993157380254 0.5784604105571848 0.18033235581622678 0.3357624633431085
0 0.448455522971652 0.7302932551319649 0.18273704789833822 0.3089149560117302
1 0.766119257086999 0.7429912023460411 0.1333626588465298 0.24923753665689147
1 0.620830889540567 0.7441202346041056 0.16698924731182796 0.30727272727272725
0 0.2627272727272727 0.7508357771260998 0.19335288367546433 0.2854838709677419
1 0.8739687194525905 0.7767155425219942 0.08692082111436951 0.15916422287390028
0 0.959227761485826 0.7891788856304985 0.081544477028348 0.10491202346041055