0 0.17277142857142858 0.3895431472081218 0.06562857142857143 0.1946954314720812
0 0.24395714285714287 0.39837563451776653 0.10512857142857143 0.24789340101522844
1 0.8228142857142857 0.4123857868020304 0.1187857142857143 0.21563451776649745
0 0.34732857142857143 0.41408629441624367 0.11235714285714286 0.23741116751269037
0 0.7160714285714286 0.4261928934010152 0.1002 0.21677664974619287
0 0.46398571428571433 0.43147208121827413 0.12648571428571428 0.29083756345177664
0 0.6064 0.4473857868020305 0.12634285714285715 0.29368020304568526
0 0.1515857142857143 0.5109390862944162 0.08431428571428572 0.18664974619289343
0 0.8864142857142857 0.5158121827411167 0.07527142857142857 0.12233502538071067
0 0.2257142857142857 0.5528172588832487 0.07578571428571428 0.169746192893401
1 0.2998142857142857 0.5647208121827412 0.0847 0.17766497461928935
0 0.8211857142857143 0.5726649746192893 0.07028571428571428 0.12690355329949238
0 0.7432142857142857 0.5758375634517766 0.07625714285714286 0.16053299492385786
0 0.5649 0.5809390862944163 0.0863 0.2069543147208122
0 0.6587857142857143 0.5882487309644671 0.09871428571428571 0.17078680203045687
1 0.3835571428571429 0.5976142131979696 0.09038571428571429 0.14527918781725888
1 0.47952857142857147 0.6229441624365483 0.08958571428571428 0.11850253807106599