0 0.91465625 0.553989898989899 0.04153125 0.17333333333333334
0 0.049125 0.5603030303030303 0.09171875 0.16732323232323235
1 0.8765625 0.5856060606060606 0.0590625 0.23045454545454547
0 0.81603125 0.6004545454545455 0.07490625 0.23424242424242425
0 0.15265625 0.6068686868686869 0.105375 0.21308080808080807
0 0.5377500000000001 0.6115151515151515 0.09846875000000001 0.1932828282828283
0 0.43234374999999997 0.6274242424242424 0.10818749999999999 0.2697979797979798
0 0.63934375 0.6322727272727272 0.10037499999999999 0.14500000000000002
0 0.73109375 0.6346464646464647 0.08859375 0.1920707070707071
0 0.24684374999999997 0.6367676767676768 0.08684375 0.21237373737373735
0 0.3314375 0.6445959595959596 0.09946875 0.2254040404040404
0 0.9055 0.34474747474747475 0.048562499999999995 0.28863636363636364
0 0.859625 0.34873737373737373 0.0543125 0.2684848484848485
0 0.76678125 0.3971717171717172 0.13834375000000002 0.30414141414141416
0 0.46759375 0.4003030303030303 0.12575 0.26606060606060605
0 0.01965625 0.40505050505050505 0.0393125 0.10924242424242424
0 0.349875 0.40631313131313135 0.10700000000000001 0.29767676767676765
0 0.6144999999999999 0.4113131313131313 0.16190625 0.29792929292929293
0 0.08475 0.41823232323232323 0.09071875 0.1893939393939394
0 0.25765625000000003 0.4307070707070707 0.0885625 0.23969696969696971
0 0.175625 0.43318181818181817 0.082875 0.1843939393939394