0 0.34090000000000004 0.3010290237467019 0.094375 0.153245382585752
0 0.2253125 0.38060686015831136 0.132775 0.26472295514511873
0 0.8053 0.4067282321899736 0.118575 0.2945118733509235
0 0.8801125000000001 0.43 0.100175 0.2445646437994723
0 0.14585 0.4599208443271768 0.11946249999999999 0.2879419525065963
0 0.087575 0.5669129287598945 0.0965625 0.1940369393139842
0 0.561425 0.7312664907651715 0.08592499999999999 0.21532981530343007
0 0.8171250000000001 0.7390501319261215 0.098675 0.21163588390501317
0 0.277575 0.7407651715039578 0.09542500000000001 0.15936675461741426
0 0.4673125 0.7412137203166227 0.09667500000000001 0.22182058047493403
0 0.6536 0.743245382585752 0.0909 0.2505277044854881
0 0.37485 0.7478100263852243 0.09425 0.2396306068601583
0 0.7465875 0.7537994722955145 0.1071875 0.2562532981530343
0 0.8963125 0.8199208443271768 0.12016249999999999 0.22688654353562004
0 0.1923 0.8443271767810027 0.0857 0.1934564643799472
0 0.12655 0.8459894459102902 0.10492499999999999 0.15606860158311345
0 0.7034375 0.25010554089709763 0.08465 0.13430079155672822
0 0.5901375 0.25482849604221636 0.1016 0.13387862796833774
0 0.45825000000000005 0.26269129287598947 0.10835 0.10936675461741426