1 0.37995625 0.683884892086331 0.1398375 0.12601046435578808
1 0.2652375 0.7330477436232832 0.10476250000000001 0.09742969260954873
1 0.16686250000000002 0.770431654676259 0.079475 0.09221059516023546
0 0.8689625 0.35873773708306084 0.17388125 0.2556965336821452
0 0.49728125 0.38745585349901895 0.23719374999999998 0.23489862655330282
1 0.70794375 0.3980313930673643 0.18454374999999998 0.24100065402223675
1 0.30444375 0.526324395029431 0.22650625000000002 0.2809025506867234
1 0.8519312499999999 0.5624591236102028 0.14336875 0.09156311314584696
1 0.1566 0.5795748855461086 0.11208125000000001 0.21974493132766515
1 0.6894499999999999 0.5891105297580118 0.15903124999999999 0.09973839110529759
0 0.060575000000000004 0.6194113799869195 0.10751875 0.2185480706344016
1 0.5277000000000001 0.6344538914323087 0.1669875 0.14333551340745584