1 0.87445 0.5032444444444445 0.03821666666666667 0.12128888888888889
1 0.8359000000000001 0.5254666666666666 0.06811666666666666 0.15833333333333333
1 0.7758 0.5476888888888889 0.08551666666666667 0.13982222222222224
1 0.4351 0.5569555555555555 0.05528333333333334 0.1064888888888889
1 0.6966166666666667 0.5671333333333334 0.10501666666666666 0.1638888888888889
1 0.47014999999999996 0.5680666666666666 0.06348333333333334 0.1361111111111111
1 0.5191333333333333 0.5768444444444444 0.085 0.1314888888888889
1 0.5979666666666666 0.5819555555555556 0.11065 0.1564888888888889
1 0.8008166666666667 0.6129555555555555 0.0605 0.05926666666666667
1 0.7459333333333333 0.6361111111111111 0.07024999999999999 0.06111111111111111
1 0.5236666666666666 0.6444444444444445 0.06853333333333333 0.04073333333333333
1 0.6834166666666667 0.6587999999999999 0.07585 0.06760000000000001
1 0.5743833333333334 0.6620444444444444 0.07273333333333333 0.05
1 0.6264500000000001 0.6671333333333332 0.07311666666666666 0.06204444444444445