1 0.8444299999999999 0.2317241379310345 0.05039 0.08598200899550225
1 0.80547 0.23547226386806597 0.044789999999999996 0.08113943028485757
1 0.88075 0.23569715142428788 0.037759999999999995 0.07805097451274363
1 0.77032 0.2418590704647676 0.02962 0.07275862068965518
1 0.9103 0.25023988005997 0.0316 0.06482758620689655
1 0.74327 0.256191904047976 0.03198 0.06614692653673163
1 0.92603 0.26523238380809594 0.02837 0.06482758620689655
1 0.72224 0.27163418290854574 0.024050000000000002 0.05290854572713643
1 0.94117 0.27472263868065966 0.02161 0.057331334332833585
1 0.71445 0.29653673163418287 0.01905 0.04629685157421289
1 0.69739 0.3005097451274363 0.02377 0.03659670164917541
1 0.8831 0.32299850074962516 0.03071 0.03395802098950525
1 0.76076 0.3241079460269865 0.02462 0.016761619190404798
1 0.83002 0.3254272863568216 0.03098 0.03880059970014992
1 0.78311 0.3258620689655172 0.023440000000000003 0.030869565217391304
1 0.80591 0.3258620689655172 0.026269999999999998 0.04320839580209895
1 0.85487 0.32608695652173914 0.0354 0.04011994002998501