1 0.46853896103896103 0.6353658536585366 0.0737987012987013 0.12195121951219512
1 0.2799350649350649 0.6365853658536585 0.11477272727272728 0.18536585365853658
1 0.41987012987012984 0.6890243902439024 0.07292207792207793 0.13902439024390245
1 0.20396103896103895 0.7048780487804878 0.08753246753246753 0.12682926829268293
1 0.1552922077922078 0.7286585365853658 0.06545454545454546 0.12560975609756098
1 0.36532467532467533 0.7420731707317073 0.07548701298701299 0.11341463414634147
1 0.29227272727272724 0.7786585365853659 0.06412337662337662 0.10853658536585366
1 0.5376948051948053 0.19999999999999998 0.0822077922077922 0.18536585365853658
1 0.5182142857142857 0.2926829268292683 0.06662337662337663 0.20487804878048782
1 0.5438636363636363 0.35 0.029610389610389608 0.0902439024390244
1 0.4717857142857143 0.3646341463414634 0.10883116883116885 0.23170731707317074
1 0.5367207792207792 0.42073170731707316 0.0361038961038961 0.07804878048780488
1 0.4227597402597403 0.47317073170731705 0.1147077922077922 0.224390243902439
1 0.5273051948051948 0.49024390243902444 0.04324675324675325 0.10731707317073172
1 0.3481168831168831 0.5451219512195122 0.10305194805194805 0.21707317073170732
1 0.5006818181818182 0.5609756097560976 0.05753246753246753 0.13170731707317074