1 0.2602242152466368 0.4003767123287671 0.02623318385650224 0.11582191780821918
1 0.2793497757847534 0.4165068493150685 0.022264573991031388 0.1359931506849315
1 0.7280269058295964 0.41852739726027394 0.04582959641255606 0.10373287671232877
1 0.3007847533632287 0.43815068493150683 0.025538116591928253 0.14705479452054793
1 0.6937443946188341 0.4436986301369863 0.0392152466367713 0.15815068493150686
1 0.3287892376681614 0.4547602739726027 0.04993273542600897 0.1923972602739726
1 0.652219730941704 0.4608219178082192 0.06820627802690583 0.18030821917808218
1 0.5994618834080718 0.48198630136986303 0.07609865470852017 0.17828767123287673
1 0.3815470852017937 0.48500000000000004 0.06612107623318385 0.15613013698630138
1 0.44683856502242153 0.5041438356164384 0.09121076233183857 0.1661986301369863
1 0.5285874439461884 0.5076712328767123 0.09123318385650224 0.16116438356164384
1 0.6063901345291479 0.5776712328767124 0.06753363228699552 0.04934931506849315
1 0.5605605381165919 0.6043493150684931 0.05630044843049327 0.06044520547945205
1 0.5144170403587444 0.6159246575342465 0.05233183856502242 0.04534246575342466
1 0.46002242152466366 0.618458904109589 0.06219730941704035 0.06044520547945205