1 0.4190459363957597 0.329438202247191 0.024805653710247347 0.08174157303370787
1 0.4393286219081272 0.3536516853932584 0.02618374558303887 0.08174157303370787
1 0.7753710247349823 0.359438202247191 0.03353356890459364 0.07275280898876405
1 0.7645229681978799 0.3734831460674157 0.02469964664310954 0.10084269662921348
1 0.465017667844523 0.3747191011235955 0.034240282685512366 0.09831460674157304
1 0.4951590106007067 0.3875280898876405 0.0414487632508834 0.11876404494382023
1 0.7404240282685512 0.3948314606741573 0.04074204946996466 0.10533707865168539
1 0.7014840989399294 0.3989887640449438 0.052791519434628974 0.13404494382022472
1 0.5379151943462898 0.4098314606741573 0.055547703180212016 0.11747191011235955
1 0.6525088339222614 0.42196629213483144 0.06399293286219081 0.12893258426966292
1 0.5916961130742049 0.42292134831460676 0.06840989399293286 0.12320224719101124
1 0.5569611307420494 0.4756179775280899 0.0431095406360424 0.04466292134831461
1 0.6392579505300353 0.48584269662921353 0.03590106007067138 0.03191011235955056
1 0.6003180212014134 0.4880898876404494 0.039893992932862186 0.03