1 0.8857894736842106 0.6630526315789473 0.1493984962406015 0.1926842105263158
1 0.734436090225564 0.6658947368421052 0.13526315789473684 0.11557894736842106
1 0.24511278195488723 0.6691578947368421 0.1444736842105263 0.15789473684210525
1 0.03515037593984962 0.6856315789473685 0.07030075187969924 0.1813684210526316
1 0.11894736842105263 0.6941052631578947 0.14172932330827068 0.1983157894736842
1 0.9511654135338345 0.3998947368421053 0.09766917293233082 0.469
1 0.40052631578947373 0.41257894736842105 0.26330827067669177 0.4981052631578947
1 0.8297368421052632 0.42105263157894735 0.164812030075188 0.3721578947368421
1 0.19612781954887218 0.4276315789473684 0.17800751879699248 0.3778421052631579
1 0.6434962406015037 0.43515789473684213 0.2714661654135338 0.4567894736842106
1 0.05894736842105263 0.4534736842105263 0.11785714285714287 0.4069473684210526