1 0.22283636363636364 0.5708196721311475 0.13192727272727273 0.14245901639344263
1 0.7168727272727272 0.5713114754098361 0.11069090909090909 0.1512568306010929
1 0.6977454545454546 0.6879234972677596 0.11716363636363636 0.14245901639344263
1 0.23836363636363636 0.6918579234972677 0.14072727272727273 0.13076502732240436
1 0.6685090909090909 0.7986885245901639 0.08989090909090909 0.15907103825136612
1 0.2809090909090909 0.803551912568306 0.09072727272727273 0.14540983606557376
1 0.5980727272727273 0.8484699453551913 0.07752727272727272 0.13366120218579236
1 0.35396363636363637 0.8508743169398908 0.07836363636363637 0.1366120218579235
1 0.42861818181818184 0.8869945355191257 0.10043636363636364 0.18147540983606558
1 0.5244 0.8943169398907104 0.10541818181818181 0.16688524590163933
0 0.7512727272727272 0.2512568306010929 0.14312727272727271 0.19808743169398907
0 0.15461818181818182 0.27027322404371584 0.1342909090909091 0.197103825136612
0 0.7402181818181818 0.4230054644808743 0.13407272727272726 0.21759562841530056
0 0.17934545454545456 0.4322950819672131 0.15527272727272728 0.21273224043715847