1 0.3092356687898089 0.46521739130434786 0.041624203821656054 0.0660248447204969
1 0.3404458598726115 0.47360248447204967 0.036656050955414014 0.07763975155279502
1 0.3779299363057325 0.48198757763975153 0.05726114649681529 0.09962732919254658
1 0.5603503184713375 0.4962732919254659 0.03474522292993631 0.0660248447204969
1 0.4187261146496815 0.4968944099378882 0.04996815286624204 0.08801242236024845
1 0.46914012738853506 0.5091925465838509 0.05264331210191083 0.09186335403726707
1 0.5198726114649682 0.5162732919254659 0.05464968152866242 0.08540372670807453
1 0.34573248407643314 0.551863354037267 0.03761146496815287 0.0711801242236025
1 0.5709554140127389 0.5596273291925465 0.03210191082802548 0.07633540372670806
1 0.38751592356687903 0.5661490683229814 0.049554140127388534 0.09447204968944099
1 0.45452229299363056 0.5745341614906833 0.03229299363057325 0.07763975155279502
1 0.42433121019108283 0.5751552795031055 0.04356687898089172 0.1022360248447205
1 0.5487261146496816 0.5751552795031055 0.03410828025477707 0.1022360248447205
1 0.4853821656050955 0.5790683229813665 0.03292993630573248 0.08409937888198757
1 0.5195541401273885 0.5803726708074534 0.03407643312101911 0.0815527950310559