1 0.5725414364640884 0.07633093525179856 0.04096685082872928 0.12460431654676259
1 0.6084254143646409 0.08158273381294964 0.043591160220994477 0.12805755395683455
1 0.5290883977900552 0.14172661870503597 0.020110497237569063 0.06230215827338129
1 0.6703867403314917 0.14388489208633093 0.022044198895027626 0.05611510791366906
1 0.5422375690607735 0.1649640287769784 0.02616022099447514 0.07021582733812949
1 0.6506906077348067 0.1702158273381295 0.01969613259668508 0.07366906474820144
1 0.5658011049723757 0.17676258992805755 0.023701657458563535 0.07280575539568344
1 0.6318232044198895 0.17985611510791366 0.026408839779005527 0.08244604316546764
1 0.609585635359116 0.18338129496402877 0.025055248618784533 0.08949640287769783
1 0.5895580110497237 0.18640287769784172 0.03146408839779006 0.08510791366906476
1 0.713839779005525 0.032446043165467627 0.021408839779005526 0.06489208633093525
1 0.492707182320442 0.04122302158273382 0.016077348066298344 0.08244604316546764
1 0.6983425414364641 0.04827338129496403 0.015994475138121547 0.07546762589928058
1 0.510414364640884 0.05266187050359712 0.01505524861878453 0.09827338129496403
1 0.6853867403314917 0.0539568345323741 0.021740331491712707 0.1043884892086331
1 0.5258839779005525 0.057050359712230214 0.025828729281767954 0.11402877697841726
1 0.5501381215469613 0.06446043165467627 0.029861878453038674 0.12194244604316547
1 0.6646685082872928 0.06539568345323742 0.025414364640883976 0.10266187050359712
1 0.640414364640884 0.0697841726618705 0.033508287292817684 0.11143884892086331