1 0.6272666666666666 0.32287461773700304 0.09256666666666667 0.21290519877675843
1 0.5397833333333334 0.36813455657492355 0.09831666666666666 0.19993883792048928
1 0.29238333333333333 0.3787461773700306 0.03765 0.13174311926605503
1 0.4638333333333334 0.3887461773700306 0.07328333333333333 0.16113149847094801
1 0.3241 0.3946177370030581 0.037 0.1446788990825688
1 0.39716666666666667 0.39755351681957185 0.0703 0.1646788990825688
1 0.36223333333333335 0.4081345565749236 0.0466 0.14819571865443426
1 0.7128166666666667 0.6580733944954128 0.062483333333333335 0.08587155963302752
1 0.6660333333333334 0.6957186544342507 0.05605 0.10232415902140674
1 0.6102666666666667 0.730428134556575 0.05988333333333333 0.11996941896024464
1 0.54905 0.7503975535168196 0.07153333333333334 0.10351681957186545
1 0.49073333333333335 0.7510091743119266 0.06258333333333332 0.07174311926605505
1 0.8160000000000001 0.12938837920489296 0.03048333333333333 0.1270336391437309
1 0.7961333333333334 0.16703363914373087 0.029183333333333335 0.1364525993883792
1 0.77435 0.18232415902140672 0.03175 0.13877675840978593
1 0.7410166666666667 0.20642201834862386 0.05223333333333333 0.201131498470948
1 0.6923166666666667 0.2740672782874618 0.06760000000000001 0.18584097859327217