1 0.32989966555183947 0.615297619047619 0.05889632107023411 0.10875
1 0.6277926421404683 0.6175595238095238 0.06511705685618728 0.10416666666666667
1 0.5708695652173913 0.6341666666666667 0.07354515050167224 0.13279761904761905
1 0.38588628762541805 0.635297619047619 0.07816053511705685 0.1213095238095238
1 0.45311036789297654 0.6404761904761904 0.06719063545150501 0.12708333333333335
1 0.5081270903010033 0.6427380952380952 0.07551839464882942 0.12708333333333335
1 0.735551839464883 0.4080952380952381 0.060568561872909696 0.13851190476190475
1 0.23150501672240803 0.4160714285714286 0.03240802675585284 0.11333333333333333
1 0.6168561872909699 0.4275595238095238 0.08187290969899666 0.18660714285714286
1 0.6802341137123745 0.4280952380952381 0.07347826086956522 0.16023809523809524
1 0.24983277591973246 0.430952380952381 0.03642140468227425 0.16595238095238093
1 0.3475919732441472 0.4321428571428571 0.07240802675585284 0.18660714285714286
1 0.28678929765886285 0.435 0.06792642140468227 0.1969047619047619
1 0.5254849498327759 0.4367261904761905 0.11280936454849497 0.20029761904761903
1 0.42414715719063545 0.44642857142857145 0.11739130434782609 0.1969047619047619
1 0.25852842809364546 0.5694642857142858 0.04013377926421405 0.08125
1 0.29163879598662207 0.5935119047619047 0.0608361204013378 0.0881547619047619