1 0.9386572438162544 0.5919662921348315 0.09462897526501768 0.2642696629213483
1 0.8689752650176678 0.6232022471910112 0.16590106007067137 0.39325842696629215
1 0.025724381625441696 0.6242134831460674 0.05144876325088339 0.1747752808988764
1 0.0645583038869258 0.6341011235955056 0.06795053003533569 0.19662921348314608
0 0.135547703180212 0.6647752808988764 0.13402826855123676 0.335
0 0.7067137809187279 0.6694943820224719 0.1789399293286219 0.37140449438202244
0 0.2552650176678445 0.6762359550561798 0.17452296819787985 0.37039325842696635
1 0.41455830388692577 0.6876966292134832 0.1502826855123675 0.335
1 0.5640989399293286 0.6928651685393258 0.1448409893992933 0.3537078651685393
1 0.83660777385159 0.24292134831460677 0.18879858657243817 0.47337078651685394
1 0.9466431095406359 0.2793258426966292 0.10671378091872791 0.42550561797752806
1 0.6472084805653711 0.2902808988764045 0.24826855123674912 0.4848314606741573
1 0.4217667844522968 0.2907865168539326 0.2562544169611307 0.5316292134831461
1 0.21272084805653713 0.3094943820224719 0.1915547703180212 0.42342696629213483
0 0.07632508833922262 0.3292696629213483 0.1333922261484099 0.42134831460674155