1 0.07579710144927537 0.8567759562841529 0.10148550724637681 0.16781420765027322
1 0.8565942028985507 0.8679781420765027 0.0708695652173913 0.15513661202185794
1 0.1625 0.880655737704918 0.1066304347826087 0.16879781420765028
1 0.7304710144927536 0.8879781420765027 0.0980072463768116 0.21469945355191256
1 0.6453985507246377 0.8967759562841531 0.1283695652173913 0.17759562841530055
1 0.35108695652173916 0.9000546448087432 0.12438405797101448 0.19983606557377048
1 0.8129347826086957 0.9040983606557377 0.0857608695652174 0.1492896174863388
1 0.4539130434782609 0.9059562841530054 0.11793478260869564 0.18814207650273224
1 0.24467391304347827 0.9059562841530054 0.10170289855072463 0.18814207650273224
1 0.5496739130434782 0.9099453551912569 0.11797101449275363 0.16879781420765028
1 0.4002536231884058 0.39081967213114754 0.1683695652173913 0.2585792349726776
1 0.6929347826086957 0.394207650273224 0.10315217391304347 0.2185792349726776
1 0.5596739130434782 0.40005464480874314 0.16521739130434784 0.24978142076502732
1 0.25920289855072465 0.40448087431693985 0.11398550724637682 0.21562841530054647
1 0.14405797101449275 0.44693989071038254 0.13833333333333334 0.2459016393442623
1 0.7964492753623188 0.4561748633879782 0.08768115942028985 0.2292896174863388
1 0.09068840579710145 0.49131147540983605 0.095 0.20978142076502732
1 0.03547101449275362 0.5093442622950819 0.07090579710144927 0.20295081967213116
1 0.841086956521739 0.5196174863387978 0.07735507246376812 0.14540983606557376
1 0.881195652173913 0.5430601092896175 0.06184782608695652 0.14540983606557376