1 0.7218275862068966 0.5780459770114943 0.06 0.1392528735632184
0 0.33893103448275863 0.5907471264367816 0.08268965517241379 0.18017241379310345
1 0.6787241379310345 0.5929310344827586 0.07058620689655172 0.14477011494252875
1 0.6230344827586207 0.5990229885057472 0.08117241379310344 0.19896551724137929
1 0.5550689655172414 0.6100574712643678 0.08448275862068966 0.19896551724137929
0 0.40886206896551724 0.6133908045977011 0.08465517241379311 0.18344827586206897
0 0.47417241379310343 0.6167241379310345 0.07117241379310345 0.19454022988505748
0 0.17848275862068966 0.38408045977011496 0.042965517241379314 0.1271264367816092
0 0.20796551724137932 0.41281609195402297 0.043620689655172414 0.17132183908045975
1 0.5650344827586208 0.4238505747126437 0.1096551724137931 0.2332183908045977
1 0.6538620689655172 0.42603448275862066 0.10703448275862068 0.21551724137931033
1 0.7629310344827587 0.42660919540229886 0.05868965517241379 0.18568965517241381
0 0.4572758620689656 0.42770114942528736 0.11248275862068964 0.25862068965517243
0 0.2908620689655172 0.4299425287356322 0.0926551724137931 0.21885057471264366
0 0.23879310344827587 0.4382183908045977 0.05755172413793104 0.20890804597701151
0 0.36379310344827587 0.44155172413793103 0.10058620689655173 0.22436781609195403
1 0.725448275862069 0.4420689655172414 0.07789655172413792 0.21218390804597703
0 0.1920689655172414 0.503448275862069 0.07810344827586206 0.09396551724137932
1 0.7907586206896552 0.5233333333333333 0.04544827586206896 0.08068965517241379
0 0.23913793103448275 0.5542528735632184 0.06351724137931035 0.11160919540229886
1 0.7549655172413793 0.5631034482758621 0.03748275862068965 0.09396551724137932
0 0.2802413793103448 0.568103448275862 0.07410344827586206 0.13264367816091954