1 0.623709090909091 0.3683606557377049 0.04963636363636364 0.0692896174863388
1 0.414 0.36885245901639346 0.037454545454545456 0.050765027322404364
1 0.4552363636363636 0.37131147540983606 0.0368 0.05759562841530054
1 0.6552 0.37180327868852464 0.04898181818181818 0.05267759562841531
1 0.5704727272727272 0.3771584699453552 0.0652 0.08683060109289618
1 0.5091272727272727 0.3825136612021858 0.06661818181818181 0.08584699453551912
1 0.40298181818181816 0.4596174863387978 0.02836363636363636 0.05267759562841531
1 0.6422181818181819 0.4596174863387978 0.0412 0.04486338797814208
1 0.43414545454545456 0.4718032786885246 0.03916363636363636 0.05759562841530054
1 0.6139636363636364 0.48300546448087434 0.03534545454545455 0.05267759562841531
1 0.467890909090909 0.49131147540983605 0.04698181818181818 0.0380327868852459
1 0.5448363636363637 0.5006010928961748 0.03854545454545454 0.056612021857923495
1 0.5094545454545454 0.5030054644808744 0.04698181818181818 0.04978142076502732
1 0.5841090909090909 0.5030054644808744 0.04570909090909091 0.05759562841530054