1 0.19213333333333332 0.25125 0.05135 0.0925
1 0.2333666666666667 0.271575 0.06886666666666667 0.105625
1 0.34876666666666667 0.28907499999999997 0.03308333333333333 0.080625
1 0.28023333333333333 0.2897 0.05846666666666667 0.091875
1 0.31376666666666664 0.295 0.04473333333333333 0.0875
1 0.16296666666666668 0.319075 0.04031666666666667 0.050625
1 0.20005 0.33094999999999997 0.045516666666666664 0.044375
1 0.23170000000000002 0.34595 0.03386666666666667 0.044375
1 0.25545 0.3497 0.03138333333333333 0.044375
1 0.31065 0.355 0.03765 0.04
1 0.2808666666666667 0.360325 0.03388333333333333 0.055625
1 0.68945 0.44175 0.0261 0.06385
1 0.7210166666666666 0.45380000000000004 0.028633333333333334 0.0951
1 0.7006333333333333 0.45625 0.022966666666666666 0.066075
1 0.7440833333333333 0.47365 0.03608333333333333 0.08839999999999999
1 0.7769666666666667 0.49420000000000003 0.053649999999999996 0.102675
1 0.8167 0.501575 0.04741666666666666 0.09955
1 0.8832 0.5069250000000001 0.04 0.08885
1 0.85285 0.50715 0.0388 0.085725
1 0.9141333333333334 0.5163 0.019783333333333333 0.0683
1 0.9323 0.516525 0.033466666666666665 0.065175
1 0.8991166666666667 0.521425 0.021266666666666666 0.058925
1 0.09734999999999999 0.228125 0.03075 0.08625
1 0.12276666666666666 0.233125 0.030083333333333333 0.07625
1 0.15255 0.23595 0.04883333333333333 0.094375