1 0.7580166270783848 0.40044303797468356 0.034061757719714966 0.08358649789029535
1 0.2268646080760095 0.41139240506329117 0.023681710213776724 0.12170886075949366
1 0.7290142517814727 0.4126160337552743 0.04820665083135392 0.11116033755274261
1 0.6148456057007127 0.4243670886075949 0.08470308788598574 0.1639029535864979
1 0.24788598574821852 0.4312658227848101 0.034786223277909735 0.1549789029535865
1 0.6803800475059383 0.43168776371308015 0.06600950118764845 0.16552742616033753
1 0.3396793349168646 0.43289029535864976 0.08140142517814727 0.1809493670886076
1 0.2855581947743468 0.43451476793248944 0.0617458432304038 0.17120253164556964
1 0.5287648456057007 0.43533755274261604 0.11983372921615203 0.18257383966244728
1 0.421437054631829 0.43736286919831224 0.11339667458432305 0.17364978902953587
1 0.2640855106888361 0.57084388185654 0.043313539192399046 0.07383966244725738
1 0.29263657957244654 0.5866666666666667 0.04576009501187649 0.0989873417721519
1 0.6783254156769596 0.5976160337552743 0.047280285035629456 0.06248945147679325
1 0.32849168646080756 0.6146624472573841 0.056270783847981 0.1030590717299578
1 0.6310570071258907 0.6195147679324894 0.057767220902612826 0.09981012658227849
1 0.5709976247030879 0.6300632911392404 0.07554631828978622 0.11765822784810127
1 0.3851187648456057 0.6325105485232068 0.07274346793349169 0.1030590717299578
1 0.44769596199524936 0.6333122362869198 0.07185273159144893 0.12090717299578059
1 0.5075178147268409 0.6373839662447257 0.07096199524940618 0.11278481012658229