1 0.8763706563706564 0.5202577319587629 0.09301158301158301 0.2157216494845361
1 0.9332432432432433 0.5273711340206185 0.07938223938223937 0.16896907216494847
1 0.037065637065637064 0.5965979381443298 0.07023166023166023 0.11644329896907217
1 0.24231660231660232 0.6085567010309278 0.09413127413127413 0.054432989690721655
1 0.0874903474903475 0.6252577319587629 0.06918918918918919 0.09737113402061856
1 0.1615057915057915 0.6271649484536083 0.10135135135135136 0.07443298969072165
1 0.732972972972973 0.6314432989690721 0.09092664092664093 0.06969072164948453
1 0.6489189189189188 0.6338144329896906 0.09888030888030888 0.06489690721649484
1 0.8094980694980695 0.6362371134020619 0.09517374517374518 0.07922680412371133
1 0.8845945945945947 0.6390721649484536 0.07081081081081081 0.06969072164948453
1 0.2855984555984556 0.4896907216494845 0.1277220077220077 0.2501030927835052
1 0.693976833976834 0.4920618556701031 0.10027027027027026 0.24721649484536082
1 0.5702316602316603 0.4925773195876289 0.17903474903474903 0.2863917525773196
1 0.05065637065637065 0.4954123711340206 0.07741312741312742 0.1737113402061856
1 0.41934362934362934 0.5035567010309279 0.16625482625482627 0.2739690721649484
1 0.7966409266409267 0.504020618556701 0.1381081081081081 0.23675257731958763
1 0.18440154440154438 0.504020618556701 0.12706563706563706 0.25963917525773195
1 0.10393822393822394 0.5068556701030927 0.0791891891891892 0.21190721649484537