0 0.1617818181818182 0.551311475409836 0.09141818181818182 0.193224043715847
0 0.9737454545454545 0.5557377049180328 0.05254545454545454 0.13366120218579236
1 0.9116363636363636 0.5606010928961749 0.08934545454545455 0.13174863387978142
0 0.8499636363636364 0.5727868852459016 0.088 0.1892896174863388
1 0.6402909090909091 0.5791256830601094 0.10741818181818182 0.24688524590163935
0 0.2530181818181818 0.5796174863387977 0.11312727272727273 0.21076502732240437
1 0.5415636363636364 0.5835519125683061 0.09258181818181818 0.23420765027322404
1 0.4522909090909091 0.587431693989071 0.09585454545454546 0.23420765027322404
0 0.7486909090909091 0.5889071038251366 0.12432727272727272 0.26639344262295084
1 0.35494545454545456 0.5952459016393443 0.08978181818181818 0.25371584699453553
1 0.39938181818181817 0.35180327868852457 0.16403636363636365 0.3034972677595628
1 0.5532363636363636 0.36153005464480875 0.17047272727272728 0.28202185792349727
0 0.18418181818181817 0.36786885245901635 0.09727272727272727 0.2517486338797814
1 0.6928727272727272 0.369344262295082 0.1321090909090909 0.24295081967213114
1 0.2737818181818182 0.3727322404371584 0.11021818181818181 0.2654098360655738
1 0.07316363636363636 0.37469945355191253 0.046654545454545455 0.18344262295081967
0 0.8045454545454546 0.3786338797814208 0.12174545454545453 0.24202185792349726
1 0.034545454545454546 0.38202185792349724 0.04992727272727273 0.17076502732240437
1 0.11894545454545455 0.3863934426229508 0.07585454545454545 0.18737704918032785
0 0.8999636363636364 0.3991256830601093 0.08414545454545455 0.20491803278688525
1 0.9590545454545455 0.4059562841530055 0.06207272727272727 0.18737704918032785
1 0.0472 0.5279234972677596 0.08043636363636364 0.1385792349726776
1 0.10530909090909091 0.5439890710382513 0.0564 0.13759562841530054