1 0.9043014705882353 0.5468108108108108 0.07261029411764706 0.11681081081081081
1 0.06705882352941175 0.8436216216216216 0.12268382352941176 0.1505945945945946
1 0.8652573529411764 0.8764324324324324 0.06459558823529411 0.1467027027027027
1 0.15602941176470586 0.8822162162162163 0.14058823529411765 0.1505945945945946
1 0.34768382352941174 0.8831891891891891 0.12227941176470587 0.22972972972972974
1 0.6463602941176471 0.8865945945945947 0.11845588235294117 0.18243243243243243
1 0.2446323529411765 0.8918918918918919 0.10253676470588236 0.21621621621621623
1 0.4435294117647059 0.8967027027027026 0.12492647058823528 0.19886486486486485
1 0.5525 0.8986486486486487 0.11183823529411765 0.20270270270270271
1 0.735625 0.9015675675675675 0.09746323529411766 0.1969189189189189
1 0.8134191176470589 0.9169729729729729 0.10209558823529412 0.166
1 0.2538235294117647 0.38897297297297295 0.12878676470588235 0.25675675675675674
1 0.5659558823529411 0.39140540540540536 0.1847058823529412 0.24227027027027026
1 0.4048161764705882 0.3938378378378378 0.191875 0.2394054054054054
1 0.7057720588235294 0.40540540540540543 0.11783088235294116 0.22005405405405407
1 0.14650735294117648 0.4223243243243243 0.14757352941176471 0.25772972972972974
1 0.07625 0.4604324324324325 0.10165441176470588 0.20654054054054055
1 0.7940441176470587 0.47297297297297297 0.12768382352941177 0.22778378378378378
1 0.8659191176470589 0.5125405405405405 0.08636029411764705 0.1524864864864865