1 0.9632363636363636 0.6196174863387978 0.07356363636363636 0.18540983606557376
1 0.03785454545454545 0.6303825136612022 0.0757090909090909 0.22639344262295083
1 0.9246545454545455 0.6630601092896174 0.10490909090909091 0.24688524590163935
1 0.10105454545454545 0.6820765027322404 0.15443636363636362 0.2751912568306011
0 0.23905454545454544 0.6884153005464481 0.14363636363636365 0.29956284153005464
1 0.7577818181818181 0.6928415300546449 0.12174545454545453 0.24202185792349726
1 0.8597090909090909 0.6967213114754098 0.10490909090909091 0.3551912568306011
1 0.37636363636363634 0.7152459016393442 0.1573090909090909 0.2712568306010929
1 0.5172363636363637 0.7240437158469946 0.13007272727272728 0.277103825136612
1 0.6448363636363637 0.7298907103825136 0.15025454545454545 0.273224043715847
1 0.023272727272727275 0.35666666666666663 0.0465090909090909 0.3151912568306011
0 0.08614545454545455 0.37180327868852464 0.12992727272727272 0.3259016393442623
1 0.9132727272727273 0.3722950819672131 0.13541818181818183 0.3620218579234973
1 0.22283636363636364 0.3722950819672131 0.17349090909090908 0.3698360655737705
1 0.4052727272727273 0.41131147540983604 0.2268 0.38546448087431695
1 0.7850545454545454 0.41420765027322404 0.1633090909090909 0.36005464480874316
1 0.6120363636363636 0.42836065573770493 0.24178181818181815 0.41568306010928957