1 0.7538714285714286 0.2884472049689441 0.052257142857142856 0.2155072463768116
1 0.7259571428571429 0.3279710144927536 0.06654285714285714 0.19668737060041408
1 0.6678428571428572 0.37219461697722567 0.10877142857142857 0.2437474120082816
1 0.5584428571428571 0.43478260869565216 0.1575 0.2258592132505176
1 0.4481 0.4884265010351967 0.12811428571428574 0.18633540372670807
1 0.33511428571428575 0.5232505175983436 0.13681428571428572 0.21832298136645964
1 0.24195714285714287 0.5731262939958592 0.10632857142857144 0.17128364389233955
1 0.6509714285714285 0.5919461697722568 0.07501428571428571 0.07339544513457558
1 0.15561428571428573 0.5938302277432712 0.11285714285714285 0.1562111801242236
1 0.08484285714285715 0.6102898550724637 0.08042857142857142 0.13645962732919253
1 0.5860428571428572 0.6281780538302278 0.08542857142857142 0.11575569358178053
1 0.5081428571428571 0.6662939958592132 0.10362857142857143 0.08281573498964803