1 0.2997222222222222 0.40105 0.03453333333333333 0.13541666666666666
1 0.7149333333333334 0.4015666666666667 0.03227777777777778 0.09896666666666668
1 0.6923666666666667 0.4083333333333333 0.03573333333333333 0.1125
1 0.32993333333333336 0.41458333333333336 0.041155555555555556 0.125
1 0.6573000000000001 0.42083333333333334 0.05307777777777778 0.1375
1 0.36256666666666665 0.4224 0.05366666666666666 0.14479999999999998
1 0.6076555555555555 0.42343333333333333 0.06347777777777779 0.13853333333333334
1 0.40526666666666666 0.42968333333333336 0.0627111111111111 0.15521666666666667
1 0.5524666666666667 0.4375 0.07664444444444445 0.15
1 0.4688 0.44426666666666664 0.08842222222222222 0.15105
1 0.6208555555555555 0.5140666666666667 0.048211111111111114 0.06563333333333334
1 0.5875222222222222 0.5281333333333333 0.05097777777777778 0.07708333333333334
1 0.4437888888888889 0.5317666666666667 0.058777777777777776 0.07186666666666666
1 0.5483 0.5328166666666667 0.04887777777777778 0.08646666666666668
1 0.4913666666666667 0.5401 0.057188888888888886 0.08021666666666667