1 0.6763851351351352 0.7154705882352941 0.10344594594594594 0.30205882352941177
0 0.13733108108108108 0.7171764705882353 0.09182432432432433 0.16741176470588237
0 0.7927364864864865 0.7188823529411764 0.13327702702702704 0.31788235294117645
0 0.22864864864864867 0.7217058823529412 0.1237162162162162 0.27829411764705886
1 0.8716891891891891 0.726235294117647 0.09486486486486485 0.2171764705882353
1 0.4573986486486486 0.7313529411764705 0.09709459459459459 0.30205882352941177
1 0.9149324324324324 0.7341764705882353 0.05 0.13347058823529412
1 0.5581081081081081 0.7347058823529412 0.12432432432432432 0.3088235294117647
1 0.3364864864864865 0.7347058823529412 0.12837837837837837 0.3088235294117647
1 0.3911486486486487 0.41458823529411765 0.21739864864864863 0.5169411764705882
1 0.7605405405405405 0.4225294117647059 0.14824324324324326 0.43776470588235294
1 0.23516891891891892 0.431 0.1237162162162162 0.4185294117647059
1 0.5909121621621621 0.4338235294117647 0.21722972972972973 0.49205882352941177
1 0.8739527027027026 0.4575882352941177 0.1085135135135135 0.480764705882353
0 0.1383108108108108 0.4824705882352941 0.09635135135135135 0.480764705882353
0 0.08047297297297297 0.5152941176470588 0.05601351351351351 0.3472941176470588