1 0.6783153846153845 0.38331243469174503 0.03143846153846153 0.06444096133751306
1 0.5857692307692308 0.38383490073145243 0.05755384615384615 0.0794148380355277
1 0.3961923076923077 0.3848798328108673 0.05106923076923077 0.0912539184952978
1 0.6575538461538462 0.3850574712643678 0.029384615384615387 0.07628004179728318
1 0.5246307692307692 0.38662486938349006 0.08034615384615384 0.0877742946708464
1 0.6269153846153847 0.38801462904911177 0.05116153846153847 0.0877742946708464
1 0.3106846153846154 0.38958202716823404 0.02817692307692308 0.07280041797283177
1 0.3551692307692308 0.39237199582027166 0.03567692307692308 0.10344827586206896
1 0.4551538461538462 0.3928944618599791 0.07467692307692307 0.08080459770114942
1 0.32709230769230774 0.39323928944618597 0.030223076923076922 0.08986415882967608
1 0.3578615384615385 0.4385266457680251 0.029184615384615382 0.03134796238244514
1 0.6284538461538461 0.4402612330198537 0.042953846153846155 0.03761755485893417
1 0.38477692307692307 0.445141065830721 0.04712307692307692 0.050156739811912224
1 0.5920461538461538 0.4482758620689655 0.04626923076923077 0.06339602925809823
1 0.42707692307692313 0.45106583072100315 0.04453846153846154 0.06896551724137931
1 0.5535846153846153 0.4535005224660397 0.05653846153846154 0.07802507836990596
1 0.5102615384615384 0.4536781609195403 0.049892307692307694 0.07349007314524555
1 0.4674538461538462 0.4564576802507837 0.04939230769230769 0.06513061650992685