0 0.23667870036101085 0.6238461538461538 0.09072202166064981 0.10307692307692308
1 0.7159927797833936 0.6431868131868131 0.0727797833935018 0.07818681318681318
1 0.6804693140794225 0.6630769230769231 0.07750902527075812 0.06571428571428573
0 0.3106498194945848 0.6650549450549451 0.08090252707581227 0.09730769230769232
1 0.6075451263537905 0.6764835164835165 0.07436823104693141 0.08472527472527472
0 0.39111913357400724 0.6817032967032967 0.07093862815884476 0.07703296703296703
1 0.5379061371841155 0.6912637362637363 0.06371841155234656 0.06846153846153846
0 0.45729241877256316 0.693021978021978 0.07306859205776173 0.06291208791208791
1 0.5644043321299639 0.39098901098901095 0.11335740072202166 0.22813186813186814
1 0.6604693140794223 0.3915934065934066 0.07956678700361011 0.20978021978021977
0 0.3314440433212996 0.39274725274725275 0.07884476534296028 0.20950549450549452
0 0.43379061371841154 0.3956043956043956 0.12014440433212997 0.23461538461538464
0 0.27296028880866424 0.4168131868131868 0.08732851985559567 0.20456043956043954
1 0.7366425992779784 0.422967032967033 0.0715884476534296 0.19741758241758242
1 0.7968592057761732 0.43428571428571433 0.06285198555956678 0.1768131868131868
1 0.8440072202166065 0.44148351648351647 0.03851985559566787 0.14335164835164835
0 0.22097472924187725 0.44197802197802194 0.06451263537906138 0.17324175824175825
0 0.1687003610108303 0.44329670329670334 0.042996389891696754 0.1234065934065934