1 0.7487410071942446 0.6946961325966851 0.12089928057553957 0.25988950276243095
1 0.9506834532374101 0.701878453038674 0.09863309352517986 0.2496685082872928
1 0.8699640287769784 0.708011049723757 0.139568345323741 0.2721546961325967
1 0.610863309352518 0.7130939226519336 0.13816546762589926 0.22303867403314917
1 0.47233812949640286 0.7213259668508287 0.13010791366906477 0.25171270718232047
1 0.32780575539568346 0.7412707182320442 0.16068345323741007 0.27933701657458565
1 0.06287769784172662 0.775524861878453 0.12571942446043166 0.23734806629834254
1 0.18294964028776978 0.781160220994475 0.1706115107913669 0.33867403314917127
1 0.7657194244604316 0.46911602209944747 0.1375539568345324 0.23022099447513814
1 0.9633453237410072 0.47215469613259664 0.07330935251798561 0.21994475138121547
1 0.8935971223021583 0.4732044198895028 0.1429136690647482 0.2670165745856353
1 0.38377697841726616 0.47933701657458566 0.23528776978417265 0.29569060773480665
1 0.6035611510791367 0.47933701657458566 0.2087410071942446 0.30386740331491713
1 0.2079136690647482 0.49364640883977895 0.17503597122302156 0.2547513812154696
1 0.06884892086330935 0.4951933701657458 0.1376978417266187 0.3028176795580111