1 0.29216000000000003 0.5533505917159763 0.0409 0.1007766272189349
1 0.31433999999999995 0.5607470414201183 0.04224 0.12666420118343194
1 0.393425 0.5616715976331361 0.06906999999999999 0.14330621301775148
1 0.34341000000000005 0.5630547337278107 0.0541 0.13498520710059173
0 0.54316 0.5653698224852071 0.082105 0.1580991124260355
1 0.45907 0.5681434911242603 0.08028 0.14515532544378698
0 0.608495 0.5713757396449705 0.06518 0.14607988165680474
0 0.65601 0.5713757396449705 0.0639 0.14792899408284024
0 0.714155 0.5769230769230769 0.052605 0.1220414201183432
0 0.685395 0.5806213017751479 0.047625 0.1220414201183432
0 0.684775 0.6374852071005918 0.03387 0.0305103550295858
1 0.42939499999999997 0.6421079881656805 0.05787 0.05454881656804734
0 0.617565 0.6444156804733728 0.03579 0.035133136094674555
0 0.657265 0.6467307692307692 0.03639 0.0305103550295858
0 0.57536 0.6555103550295858 0.0627 0.0610207100591716
1 0.472825 0.65875 0.055265 0.07673816568047337
0 0.527845 0.6652218934911243 0.045225 0.05639792899408284