1 0.43604444444444446 0.44782222222222223 0.09808888888888889 0.12795555555555554
1 0.7192 0.44951111111111114 0.04208888888888889 0.06395555555555556
1 0.3784888888888889 0.4683555555555555 0.08262222222222222 0.10977777777777778
1 0.6915555555555555 0.47173333333333334 0.05688888888888889 0.06533333333333333
1 0.6653333333333333 0.5033777777777778 0.07173333333333333 0.07475555555555556
1 0.3300444444444445 0.5064 0.07453333333333333 0.09564444444444445
1 0.633688888888889 0.5192 0.06231111111111111 0.08213333333333334
1 0.3091555555555556 0.5239111111111111 0.07222222222222222 0.07542222222222222
1 0.5959555555555556 0.5393777777777777 0.07311111111111111 0.08484444444444444
1 0.28257777777777776 0.5434222222222223 0.06346666666666666 0.06866666666666667
1 0.25093333333333334 0.5538666666666667 0.051022222222222226 0.059911111111111116
1 0.5535555555555556 0.5623111111111111 0.0548 0.09564444444444445
1 0.5084444444444445 0.5828444444444444 0.06506666666666668 0.08284444444444444
1 0.4613333333333333 0.5983111111111111 0.07315555555555556 0.08146666666666666
1 0.4212444444444445 0.6114666666666667 0.0608 0.07004444444444444
1 0.3778222222222222 0.616488888888889 0.04533333333333333 0.07475555555555556
1 0.34044444444444444 0.6198666666666667 0.04426666666666667 0.05453333333333333
1 0.7050666666666666 0.34715555555555555 0.042755555555555554 0.09631111111111113
1 0.6750666666666666 0.35755555555555557 0.03666666666666667 0.09022222222222223
1 0.6488444444444444 0.36364444444444444 0.04742222222222222 0.11044444444444446
1 0.6094222222222222 0.37711111111111106 0.05422222222222222 0.11044444444444446
1 0.5636444444444444 0.3895555555555556 0.07582222222222222 0.1084
1 0.5037333333333334 0.4222222222222222 0.10142222222222222 0.12524444444444444