1 0.62095 0.36833333333333335 0.04152 0.06851351351351352
1 0.45536 0.3716216216216216 0.0502 0.07132132132132132
1 0.65501 0.37256756756756754 0.040909999999999995 0.05067567567567568
1 0.41254 0.37303303303303303 0.04667 0.0703903903903904
1 0.57377 0.37819819819819817 0.06837 0.07695195195195195
1 0.51316 0.3795945945945946 0.06709999999999999 0.07602102102102103
1 0.40505 0.4584234234234234 0.03418 0.049744744744744746
1 0.6384500000000001 0.47250750750750753 0.02903 0.04786786786786787
1 0.6172000000000001 0.4790690690690691 0.036520000000000004 0.053498498498498505
1 0.43192 0.48001501501501503 0.03957 0.05162162162162163
1 0.4716 0.49315315315315317 0.04271 0.04411411411411411
1 0.5825199999999999 0.49737237237237236 0.04338 0.04504504504504504
1 0.5097200000000001 0.49971471471471474 0.041479999999999996 0.042237237237237234
1 0.54534 0.5025375375375375 0.03649 0.04036036036036036