1 0.33932 0.5 0.07204 0.05925
1 0.4456 0.5028 0.06396 0.06849999999999999
1 0.38524 0.5102 0.078 0.06480000000000001
1 0.08492 0.2639 0.04728 0.10925000000000001
1 0.12084 0.29350000000000004 0.043840000000000004 0.10925000000000001
1 0.159 0.3139 0.05644 0.1389
1 0.20972 0.32965000000000005 0.07348 0.17035
1 0.27304 0.35229999999999995 0.0772 0.1528
1 0.58112 0.381 0.05956 0.1213
1 0.35044 0.38284999999999997 0.08836 0.1472
1 0.50264 0.3898 0.05656 0.1426
1 0.5396799999999999 0.39399999999999996 0.05952 0.15465
1 0.43156 0.40095 0.10096 0.15
1 0.23268 0.45 0.07612000000000001 0.06665
1 0.28528 0.48195 0.07352 0.0528
1 0.49892000000000003 0.48655000000000004 0.07284 0.06945