1 0.40412698412698417 0.611 0.03130952380952381 0.05365
1 0.6738888888888889 0.611 0.023452380952380954 0.046349999999999995
1 0.4251587301587302 0.61525 0.03273809523809524 0.07685
1 0.6542857142857142 0.6192 0.03166666666666667 0.0677
1 0.45396825396825397 0.6241 0.03742063492063492 0.0872
1 0.633968253968254 0.6295499999999999 0.028769841269841268 0.0738
1 0.498015873015873 0.6365999999999999 0.06357142857142857 0.10490000000000001
1 0.6000793650793651 0.6365999999999999 0.043293650793650794 0.09025
1 0.5553174603174603 0.6417499999999999 0.0573015873015873 0.09574999999999999
1 0.4191269841269841 0.7719499999999999 0.03809523809523809 0.041449999999999994
1 0.4885714285714286 0.8567 0.02984126984126984 0.0378
1 0.5534126984126985 0.86035 0.028253968253968254 0.0305
1 0.5243650793650793 0.8652500000000001 0.03563492063492064 0.04025