1 0.12696611505122143 0.5982508833922262 0.09376674546887312 0.13643698468786808
1 0.16703309692671395 0.6213191990577149 0.09373522458628841 0.15901060070671377
1 0.7158747044917259 0.6218080094228504 0.08746650906225374 0.15999411071849234
1 0.23108353033884949 0.6247526501766784 0.09304176516942474 0.17373380447585396
1 0.6498581560283687 0.6286808009422851 0.09867612293144208 0.16195524146054183
1 0.5726713947990544 0.6291696113074204 0.10332545311268716 0.1629387514723204
1 0.4797163120567376 0.6316254416961131 0.09878644602048857 0.15213780918727915
1 0.3036682427107959 0.6326089517078917 0.10284475965327028 0.16588339222614842
1 0.3920212765957447 0.6404593639575972 0.10475965327029156 0.1462485276796231
1 0.04389282899921198 0.40684923439340404 0.06317966903073285 0.16980565371024733
1 0.07441686367218282 0.40832155477031806 0.06752561071710007 0.19630742049469962
1 0.2639637509850276 0.41323321554770315 0.1250709219858156 0.2925029446407538
1 0.16903467297084318 0.4161778563015312 0.09282111899133176 0.2787573616018846
1 0.11810480693459417 0.4205948174322732 0.0734160756501182 0.2326266195524146
1 0.8380614657210402 0.4210836277974087 0.07950354609929078 0.18256772673733804
1 0.6571158392434988 0.4235394581861013 0.11022064617809299 0.3052591283863369
1 0.735575256107171 0.4304063604240283 0.10189519306540584 0.2718904593639576
1 0.7947044917257683 0.4338457008244994 0.0821591804570528 0.23557126030624265
1 0.5345587076438141 0.45151354534746757 0.17167060677698975 0.32194935217903414
1 0.3844562647754137 0.45936395759717313 0.16979905437352247 0.30624263839811544
1 0.8170449172576831 0.5653710247349824 0.06112293144208038 0.1217137809187279
1 0.08987785657998425 0.5717491166077738 0.07109141055949567 0.11876914016489988
1 0.7677738376674547 0.586472320376914 0.06509850275807723 0.14428739693757361