1 0.2292783505154639 0.4190751445086705 0.034604810996563574 0.08225433526011561
1 0.25900343642611684 0.44855491329479763 0.04388316151202749 0.11005780346820809
1 0.7280412371134021 0.45184971098265897 0.038247422680412375 0.12341040462427746
1 0.2890721649484536 0.46797687861271675 0.0493127147766323 0.1222543352601156
1 0.6986254295532647 0.47023121387283234 0.03756013745704467 0.14895953757225433
1 0.3320618556701031 0.5007514450867052 0.05587628865979382 0.16341040462427744
1 0.6589690721649484 0.5091329479768786 0.05604810996563574 0.18676300578034682
1 0.6083848797250859 0.5296531791907514 0.06329896907216495 0.18566473988439305
1 0.3803092783505155 0.5313294797687861 0.06776632302405498 0.16895953757225435
1 0.45037800687285223 0.5452601156069364 0.09415807560137457 0.19895953757225435
1 0.5366323024054983 0.5452601156069364 0.09738831615120275 0.20341040462427745