1 0.31291250000000004 0.35 0.0303625 0.06666666666666667
1 0.7066 0.3703666666666667 0.0267125 0.055549999999999995
1 0.32923749999999996 0.375 0.0314375 0.07221666666666667
1 0.6875 0.38194999999999996 0.031575 0.075
1 0.34763750000000004 0.39213333333333333 0.030750000000000003 0.09906666666666666
1 0.3778375 0.3949 0.053675 0.10833333333333334
1 0.6639 0.3958333333333333 0.0343375 0.08426666666666667
1 0.641675 0.4027833333333333 0.0482125 0.12036666666666666
1 0.41985 0.4088 0.061325000000000005 0.125
1 0.5986375 0.41435 0.0565375 0.1287
1 0.47712499999999997 0.4245333333333333 0.0773125 0.13426666666666667
1 0.54135 0.4310166666666667 0.079425 0.13611666666666666
1 0.33235 0.43518333333333337 0.0303625 0.06296666666666667
1 0.3566625 0.45971666666666666 0.040475000000000004 0.05648333333333334
1 0.6569499999999999 0.47731666666666667 0.042662500000000006 0.09536666666666667
1 0.3757625 0.48656666666666665 0.0495 0.06573333333333332
1 0.63335 0.49536666666666673 0.0371 0.07221666666666667
1 0.404575 0.5097166666666666 0.0474375 0.075
1 0.6069625 0.5111166666666667 0.0370875 0.08703333333333334
1 0.5708625 0.5291666666666667 0.0593 0.07685
1 0.4445 0.5301 0.0509125 0.0713
1 0.48719999999999997 0.53565 0.04885 0.07869999999999999
1 0.5302375 0.5388833333333333 0.0572 0.07406666666666667