1 0.46279538904899137 0.23732608695652174 0.06226224783861672 0.08623913043478261
1 0.42054755043227665 0.2717391304347826 0.05076368876080691 0.09130434782608696
1 0.4920893371757925 0.2858695652173913 0.053616714697406344 0.05
1 0.4548847262247839 0.32210869565217387 0.04642651296829971 0.07028260869565217
1 0.36219020172910665 0.32754347826086955 0.07430835734870317 0.1
1 0.40829971181556196 0.3576086956521739 0.0550864553314121 0.057239130434782605
1 0.3040922190201729 0.38515217391304346 0.07337175792507204 0.10071739130434783
1 0.3727665706051873 0.3963695652173913 0.04933717579250721 0.06521739130434782
1 0.24646974063400579 0.41847826086956524 0.059942363112391935 0.08623913043478261
1 0.3355475504322767 0.4246304347826087 0.04502881844380403 0.05506521739130434
1 0.20997118155619596 0.4449347826086956 0.056123919308357355 0.08115217391304347
1 0.2971325648414986 0.45760869565217394 0.044077809798270896 0.05434782608695652
1 0.17659942363112394 0.4688478260869565 0.052766570605187316 0.06521739130434782
1 0.26015850144092223 0.48080434782608694 0.04505763688760807 0.051456521739130436
1 0.2294236311239193 0.5 0.03354466858789625 0.04058695652173913
1 0.4990634005763689 0.20108695652173914 0.0464121037463977 0.07028260869565217