1 0.041018181818181815 0.5527868852459016 0.08109090909090909 0.21174863387978143
1 0.7710909090909092 0.7728415300546448 0.06396363636363636 0.12098360655737705
1 0.7113818181818181 0.7762295081967213 0.10290909090909091 0.14344262295081966
1 0.647090909090909 0.7816393442622951 0.08338181818181818 0.1659016393442623
1 0.5695272727272728 0.7898907103825137 0.1190909090909091 0.13562841530054645
1 0.4552363636363636 0.800655737704918 0.1302909090909091 0.13759562841530054
1 0.7801818181818182 0.3230054644808743 0.1081090909090909 0.310327868852459
1 0.8434909090909091 0.3230054644808743 0.04127272727272727 0.2712568306010929
1 0.6736727272727272 0.32934426229508196 0.14381818181818182 0.32688524590163937
1 0.5435272727272727 0.35765027322404375 0.15101818181818183 0.2780874316939891
1 0.4113818181818182 0.3991256830601093 0.1621090909090909 0.31420765027322406
1 0.2757090909090909 0.49524590163934423 0.16087272727272728 0.23322404371584698
1 0.13516363636363637 0.5342622950819672 0.14727272727272728 0.23710382513661202