1 0.13753993610223642 0.22385093167701864 0.058466453674121406 0.235527950310559
1 0.8519488817891374 0.25105590062111804 0.059616613418530355 0.2536024844720497
1 0.7398083067092652 0.2542857142857143 0.07619808306709265 0.3946583850931677
1 0.23603833865814694 0.2542857142857143 0.08236421725239616 0.3636024844720497
1 0.30824281150159744 0.2691304347826087 0.09897763578274761 0.3312422360248447
1 0.1788178913738019 0.27043478260869563 0.05313099041533546 0.2562111801242236
1 0.8080191693290735 0.2814285714285714 0.04156549520766773 0.27304347826086955
1 0.6519808306709265 0.2956521739130435 0.10811501597444091 0.33254658385093167
1 0.4176996805111821 0.3027950310559006 0.13421725239616614 0.37267080745341613
1 0.7803833865814697 0.3196273291925466 0.03159744408945687 0.22
1 0.54814696485623 0.3241614906832298 0.13415335463258787 0.33254658385093167
0 0.10361022364217252 0.366832298136646 0.04383386581469649 0.1436024844720497
0 0.12757188498402555 0.42509316770186334 0.10792332268370608 0.17211180124223602
0 0.8506070287539936 0.427639751552795 0.059616613418530355 0.19279503105590062
0 0.15118210862619808 0.49496894409937886 0.07776357827476038 0.23937888198757765
0 0.8037060702875399 0.5001242236024844 0.09750798722044729 0.19540372670807454
1 0.7258466453674122 0.5305590062111801 0.07485623003194888 0.22776397515527952
1 0.7621086261980831 0.5311801242236025 0.051597444089456865 0.17472049689440994
1 0.2759744408945687 0.5648447204968944 0.08798722044728434 0.30925465838509314
1 0.5930670926517572 0.5680745341614907 0.09012779552715655 0.2613664596273292
1 0.6755910543130991 0.568695652173913 0.09814696485623003 0.23422360248447205
1 0.5185303514376998 0.5764596273291925 0.08741214057507987 0.23937888198757765
1 0.3508306709265176 0.582919254658385 0.09268370607028754 0.24198757763975157
1 0.43501597444089457 0.5900621118012422 0.11335463258785941 0.25881987577639753