1 0.8202545454545455 0.5796174863387977 0.07472727272727273 0.24202185792349726
1 0.8930181818181818 0.6054644808743169 0.053890909090909093 0.1512568306010929
1 0.10349090909090909 0.6118032786885246 0.08134545454545455 0.20879781420765028
1 0.8520727272727272 0.6254644808743169 0.0630181818181818 0.21273224043715847
1 0.5942181818181818 0.6640437158469945 0.10607272727272728 0.19420765027322404
1 0.04436363636363636 0.6660109289617486 0.0748 0.19224043715846995
1 0.5078181818181818 0.6757377049180328 0.10741818181818182 0.2292896174863388
1 0.4133090909090909 0.6830601092896175 0.10421818181818182 0.19907103825136613
1 0.3204 0.6850273224043716 0.1004 0.20688524590163934
1 0.6809090909090909 0.6928415300546449 0.09367272727272728 0.23808743169398908
1 0.7533454545454545 0.7060109289617486 0.08647272727272727 0.21562841530054647
1 0.22556363636363636 0.708415300546448 0.10305454545454545 0.2459016393442623
1 0.8062909090909091 0.718688524590164 0.0662909090909091 0.13562841530054645
1 0.14698181818181819 0.7420765027322405 0.09141818181818182 0.2019672131147541
1 0.09276363636363637 0.7489071038251367 0.049527272727272725 0.12393442622950819
1 0.5565090909090908 0.4708196721311475 0.15283636363636363 0.2644262295081967
1 0.6770181818181819 0.4776502732240437 0.11705454545454545 0.2625136612021858
1 0.4058181818181818 0.47912568306010933 0.16072727272727275 0.26737704918032784
1 0.27396363636363635 0.4859562841530055 0.13356363636363636 0.23808743169398908
1 0.7572363636363637 0.5034972677595628 0.08647272727272727 0.28885245901639345
1 0.1704 0.5239890710382513 0.0982909090909091 0.26344262295081966