1 0.3401805054151625 0.42626373626373626 0.02072202166064982 0.07642857142857143
1 0.36389891696750903 0.433956043956044 0.03425992779783393 0.09873626373626374
1 0.6007581227436823 0.43956043956043955 0.03126353790613719 0.07554945054945054
1 0.39855595667870036 0.4473076923076923 0.047220216606498194 0.1081868131868132
1 0.5793140794223827 0.449010989010989 0.04028880866425993 0.09445054945054945
1 0.5415523465703971 0.46318681318681315 0.04815884476534296 0.09873626373626374
1 0.4400361010830325 0.4636263736263736 0.057148014440433215 0.09615384615384616
1 0.4961371841155235 0.4696153846153846 0.055487364620938624 0.10131868131868133
1 0.5497111913357401 0.5185714285714286 0.03631768953068592 0.034340659340659344
1 0.42169675090252706 0.5236813186813187 0.04155234657039711 0.034340659340659344
1 0.5223826714801444 0.527967032967033 0.039133574007220215 0.04291208791208791
1 0.4496028880866426 0.5335714285714286 0.03570397111913358 0.04549450549450549
1 0.482057761732852 0.534010989010989 0.04530685920577618 0.05153846153846154