1 0.20610185185185184 0.20528888888888888 0.04087037037037037 0.12697777777777777
1 0.2345462962962963 0.2523851851851852 0.03981481481481482 0.1365037037037037
1 0.2672777777777778 0.28042962962962964 0.04842592592592592 0.17565925925925924
1 0.31456481481481485 0.28306666666666663 0.07555555555555556 0.21905185185185186
1 0.377712962962963 0.3005333333333334 0.08152777777777777 0.1947111111111111
1 0.8098333333333333 0.30317037037037037 0.03738888888888889 0.11534814814814814
1 0.4577222222222222 0.3333333333333333 0.10933333333333334 0.2306814814814815
1 0.5536018518518518 0.3349185185185185 0.11069444444444444 0.2380888888888889
1 0.6356018518518519 0.3423259259259259 0.08691666666666667 0.19364444444444445
1 0.7010648148148148 0.34285925925925925 0.07503703703703704 0.21164444444444447
1 0.7757777777777778 0.34497777777777777 0.03936111111111111 0.1439111111111111
1 0.7473425925925926 0.34814814814814815 0.04596296296296296 0.1672
1 0.2649537037037037 0.4391555555555556 0.09771296296296296 0.08677037037037037
1 0.2960277777777778 0.4989481481481482 0.0950462962962963 0.0962962962962963
1 0.7331296296296296 0.5089925925925926 0.09025925925925926 0.12487407407407408
1 0.31157407407407406 0.5682518518518519 0.05603703703703704 0.08677037037037037
1 0.7251944444444445 0.5867703703703704 0.06380555555555555 0.10687407407407408
1 0.3548981481481482 0.5968296296296296 0.0689537037037037 0.08465185185185185
1 0.6914722222222222 0.6121629629629629 0.057185185185185186 0.11957037037037035
1 0.4130833333333333 0.6428592592592592 0.07691666666666666 0.1386222222222222
1 0.6468333333333334 0.6428592592592592 0.06973148148148148 0.1259259259259259
1 0.46698148148148144 0.662962962962963 0.07759259259259259 0.1492
1 0.5883148148148148 0.6640148148148148 0.07037037037037037 0.13438518518518516
1 0.5317777777777778 0.6735407407407408 0.07497222222222222 0.1238074074074074