1 0.5438926174496644 0.4886637931034483 0.10093959731543624 0.14900862068965517
1 0.4527181208053691 0.4933620689655172 0.10234899328859061 0.14336206896551723
1 0.6146308724832215 0.4952155172413793 0.07033557046979866 0.13211206896551725
1 0.3783221476510067 0.49616379310344827 0.06731543624161074 0.13025862068965516
1 0.6736912751677852 0.5064655172413793 0.057214765100671146 0.12836206896551725
1 0.3250671140939597 0.5083189655172414 0.06251677852348993 0.1059051724137931
1 0.2947986577181208 0.5284913793103448 0.04577181208053691 0.10870689655172414
1 0.7017785234899329 0.5289655172413793 0.04191275167785235 0.1059051724137931
1 0.7539261744966442 0.5294396551724138 0.048489932885906036 0.10681034482758621
1 0.2714429530201342 0.5322413793103449 0.03701342281879194 0.09370689655172414
1 0.7291275167785235 0.5359913793103448 0.03097315436241611 0.08995689655172415
1 0.24228187919463087 0.5430172413793104 0.048691275167785236 0.10775862068965517
1 0.6839261744966443 0.646551724137931 0.036812080536912754 0.044956896551724135
1 0.36845637583892615 0.6559051724137931 0.05493288590604027 0.09370689655172414
1 0.32543624161073825 0.6563793103448275 0.05449664429530201 0.06465517241379311
1 0.6569127516778523 0.6573275862068966 0.035335570469798655 0.051551724137931035
1 0.4158724832214765 0.6610775862068966 0.062214765100671136 0.10775862068965517
1 0.5603020134228188 0.6638793103448276 0.059362416107382555 0.0946551724137931
1 0.6095302013422819 0.6638793103448276 0.057214765100671146 0.0909051724137931
1 0.5099664429530202 0.6695258620689656 0.057885906040268456 0.12086206896551724
1 0.4647315436241611 0.672801724137931 0.06080536912751678 0.09745689655172414