1 0.2871034482758621 0.41713793103448277 0.036873563218390804 0.091
1 0.3151954022988506 0.4372586206896552 0.049632183908045975 0.12739655172413794
1 0.650712643678161 0.4525862068965517 0.06094252873563219 0.11972413793103448
1 0.3595632183908046 0.4545 0.06174712643678161 0.14655172413793102
1 0.5814252873563218 0.46360344827586203 0.09166666666666666 0.18006896551724139
1 0.4993793103448276 0.47605172413793106 0.10382758620689655 0.17432758620689656
1 0.41958620689655174 0.48036206896551725 0.06939080459770115 0.12548275862068967
1 0.36851724137931036 0.5469310344827587 0.05572413793103448 0.07087931034482758
1 0.41800000000000004 0.568 0.06149425287356322 0.09003448275862069
1 0.4703448275862069 0.5713620689655172 0.06406896551724138 0.0795
1 0.5689885057471264 0.5713620689655172 0.05325287356321839 0.06417241379310344
1 0.5230229885057471 0.5771034482758621 0.055793103448275864 0.0718448275862069