0 0.4166909090909091 0.9999453551912569 0.12261818181818182 0.0001092896174863388
1 0.8042909090909092 0.2292896174863388 0.04712727272727273 0.0981967213114754
1 0.8809454545454545 0.2362841530054645 0.03538181818181818 0.07382513661202186
1 0.8450545454545454 0.23814207650273223 0.05014545454545454 0.08639344262295082
1 0.7691272727272727 0.2407103825136612 0.03778181818181819 0.07382513661202186
1 0.9084727272727273 0.24366120218579237 0.03734545454545454 0.07677595628415301
1 0.7440727272727273 0.250327868852459 0.03676363636363636 0.07825136612021857
1 0.9303636363636364 0.2614207650273224 0.03290909090909091 0.06497267759562841
1 0.7241454545454545 0.2717486338797814 0.03232727272727273 0.05907103825136612
1 0.7133454545454545 0.2946448087431694 0.03429090909090909 0.048743169398907105
1 0.7767636363636364 0.32158469945355195 0.031381818181818184 0.04355191256830601
1 0.8824363636363636 0.32158469945355195 0.026545454545454546 0.02289617486338798
1 0.8283636363636364 0.3256284153005465 0.0364 0.04579234972677596
1 0.8032727272727272 0.3260109289617486 0.035454545454545454 0.052404371584699454
1 0.8576 0.327103825136612 0.03687272727272727 0.03693989071038251