1 0.5174852071005918 0.47886792452830185 0.1468639053254438 0.25636792452830187
1 0.6277514792899408 0.6106603773584907 0.07553254437869823 0.06872641509433962
1 0.4084615384615385 0.6255188679245284 0.07502958579881656 0.07382075471698113
1 0.5537869822485207 0.6424528301886792 0.09479289940828402 0.05433962264150943
1 0.4753254437869822 0.6521698113207547 0.0673076923076923 0.08202830188679246
1 0.13227810650887575 0.2230188679245283 0.050059171597633144 0.16306603773584905
1 0.16701183431952663 0.28867924528301886 0.042544378698224854 0.15896226415094342
1 0.18982248520710057 0.32966981132075474 0.04834319526627219 0.19995283018867924
1 0.2425739644970414 0.3625 0.07665680473372781 0.265566037735849
1 0.8155029585798816 0.40452830188679245 0.06014792899408283 0.14867924528301887
1 0.3068639053254438 0.4081132075471698 0.0921301775147929 0.22971698113207548
1 0.7627810650887574 0.4234905660377358 0.07556213017751479 0.2030188679245283
1 0.40171597633136097 0.45325471698113207 0.12624260355029587 0.2625
1 0.7023372781065088 0.457877358490566 0.09612426035502959 0.24301886792452831
1 0.6203550295857988 0.4660377358490566 0.10316568047337277 0.23070754716981132