1 0.5342545454545454 0.22781420765027321 0.030254545454545454 0.09885245901639345
1 0.546290909090909 0.2539344262295082 0.04618181818181818 0.08677595628415301
1 0.5601818181818182 0.26721311475409837 0.05047272727272727 0.12617486338797815
1 0.5930545454545455 0.3017486338797814 0.05316363636363636 0.11814207650273224
1 0.6345090909090909 0.3543715846994535 0.07832727272727272 0.14622950819672131
1 0.6989454545454545 0.3917486338797814 0.0917090909090909 0.13098360655737704
1 0.752109090909091 0.4174863387978142 0.07087272727272727 0.12775956284153006
1 0.7895636363636364 0.43797814207650276 0.06232727272727273 0.1140983606557377
1 0.8189454545454545 0.4665027322404372 0.05058181818181818 0.08759562841530055
1 0.8400727272727273 0.4813661202185793 0.03829090909090909 0.06912568306010929
1 0.8652000000000001 0.4849726775956284 0.04792727272727273 0.05382513661202186