1 0.7177708333333332 0.3385462962962963 0.083640625 0.2511574074074074
1 0.26668749999999997 0.33912037037037035 0.07175 0.2662037037037037
1 0.19897916666666668 0.3397037037037037 0.029817708333333335 0.1840277777777778
1 0.7727760416666667 0.34375 0.06738541666666667 0.22916666666666666
1 0.6448697916666667 0.3506944444444444 0.08881770833333333 0.24305555555555555
1 0.33015104166666664 0.3524351851851852 0.09065104166666667 0.25578703703703703
1 0.22534895833333335 0.35359259259259257 0.052859375 0.20717592592592593
1 0.5433333333333333 0.3559074074074074 0.13564583333333333 0.25810185185185186
1 0.4300729166666667 0.36748148148148146 0.13039583333333335 0.2673611111111111
1 0.7724479166666666 0.4971111111111111 0.06022916666666667 0.12152777777777778
1 0.6614687499999999 0.5202592592592593 0.08166666666666668 0.16319444444444445
1 0.7298125 0.5208333333333334 0.06736979166666666 0.14814814814814814
1 0.2185052083333333 0.5237314814814815 0.05063541666666667 0.1099537037037037
1 0.25202604166666664 0.5283611111111111 0.055177083333333335 0.13310185185185186
1 0.5940833333333334 0.5451388888888888 0.07522916666666667 0.1875
1 0.3096302083333333 0.5457222222222222 0.07923958333333332 0.16319444444444445
1 0.5286614583333333 0.5567129629629629 0.10323958333333333 0.1875
1 0.37602083333333336 0.5567129629629629 0.08702604166666666 0.1875
1 0.4479479166666666 0.5596111111111111 0.08765104166666667 0.1863425925925926