1 0.6448754448398577 0.3739664804469274 0.02928825622775801 0.04860335195530726
1 0.37505338078291817 0.38279329608938545 0.01626334519572954 0.049664804469273745
1 0.6277224199288256 0.39 0.018754448398576512 0.07240223463687151
1 0.39380782918149465 0.39262569832402233 0.022597864768683272 0.052737430167597764
1 0.6043416370106761 0.3962569832402235 0.031245551601423484 0.08486033519553073
1 0.41590747330960853 0.4039664804469274 0.028540925266903914 0.06726256983240222
1 0.4468683274021352 0.40502793296089384 0.040427046263345194 0.081731843575419
1 0.5770106761565836 0.4065921787709497 0.043772241992882564 0.08486033519553073
1 0.48672597864768685 0.4184916201117318 0.052953736654804275 0.08793296089385474
1 0.5354804270462633 0.4194972067039106 0.06352313167259788 0.09
1 0.6020284697508896 0.45625698324022346 0.022669039145907472 0.02273743016759777
1 0.43434163701067613 0.46089385474860334 0.01889679715302491 0.036201117318435755
1 0.579644128113879 0.4655307262569832 0.02793594306049822 0.028994413407821232
1 0.4633451957295373 0.4712290502793296 0.03384341637010676 0.04033519553072626
1 0.5236298932384341 0.48156424581005586 0.039786476868327404 0.04860335195530726
1 0.5608540925266904 0.4821229050279329 0.02861209964412811 0.04139664804469274
1 0.4956227758007118 0.48262569832402236 0.03779359430604982 0.05067039106145252