1 0.7586833333333333 0.4221014492753623 0.15309999999999999 0.41908695652173916
1 0.38996666666666663 0.4257246376811594 0.21780000000000002 0.5036231884057971
0 0.24454166666666666 0.426927536231884 0.13693333333333332 0.3852608695652174
1 0.5965666666666667 0.426927536231884 0.221775 0.4915507246376812
0 0.13865833333333333 0.484304347826087 0.09870833333333334 0.45652173913043476
1 0.9510000000000001 0.5060434782608696 0.039308333333333334 0.30192753623188406
1 0.923225 0.515695652173913 0.06290833333333333 0.34057971014492755
1 0.08795833333333333 0.5271739130434783 0.058225000000000006 0.3442028985507246
1 0.9395416666666667 0.7101449275362319 0.04138333333333333 0.11594202898550725
0 0.7826333333333333 0.714376811594203 0.11909166666666667 0.286231884057971
1 0.1515 0.7167826086956521 0.08413333333333332 0.1606231884057971
1 0.6749916666666667 0.718 0.11284999999999999 0.3079710144927536
1 0.9152416666666666 0.734304347826087 0.0511 0.13043478260869565
0 0.23135 0.7385217391304347 0.11888333333333333 0.27656521739130435
1 0.45385000000000003 0.7397391304347827 0.12335000000000002 0.2693188405797102
1 0.8728916666666667 0.7445652173913043 0.094125 0.1823623188405797
1 0.5590666666666667 0.7487971014492752 0.13289166666666666 0.28018840579710147
0 0.344175 0.7554347826086957 0.11267500000000001 0.22826086956521738