0 0.19774774774774775 0.18755292125317527 0.04699324324324324 0.10414902624894158
0 0.2484234234234234 0.1960203217612193 0.08138513513513514 0.13124470787468248
0 0.32893018018018017 0.19898391193903472 0.11856981981981983 0.11685012701100762
0 0.44377252252252253 0.21041490262489415 0.15013513513513513 0.13293818797629128
0 0.5732545045045045 0.21126164267569855 0.16144144144144146 0.12447078746824725
0 0.7978716216216216 0.21676545300592717 0.07708333333333334 0.09144792548687553
0 0.6824662162162162 0.21761219305673157 0.11420045045045045 0.12023708721422523
0 0.7488963963963964 0.21761219305673157 0.08495495495495495 0.11685012701100762
0 0.22701576576576576 0.2802709568162574 0.042477477477477474 0.0558848433530906
0 0.7708445945945945 0.281541066892464 0.059065315315315316 0.04657070279424217
0 0.28332207207207205 0.28916172734970363 0.06563063063063063 0.07366638441998306
0 0.7320045045045045 0.29085520745131244 0.060180180180180176 0.04657070279424217
0 0.3390653153153153 0.29762912785774764 0.0983108108108108 0.06350550381033022
0 0.6712049549549549 0.29762912785774764 0.08942567567567568 0.060118543607112614
0 0.5028828828828829 0.29805249788314986 0.10850225225225224 0.07790008467400508
0 0.4150563063063063 0.30143945808636746 0.0859572072072072 0.07112616426756986
0 0.5878941441441441 0.3086367485182049 0.11416666666666667 0.07874682472480948
1 0.19324324324324324 0.6994072819644369 0.04699324324324324 0.10838272650296359
1 0.2450337837837838 0.7015241320914479 0.07399774774774774 0.12955122777307368
1 0.3266554054054054 0.7066045723962744 0.10210585585585585 0.12955122777307368
1 0.44602477477477476 0.718458933107536 0.15013513513513513 0.12616426756985605
1 0.7528378378378379 0.7193056731583404 0.09058558558558558 0.13463166807790009
1 0.5726914414414415 0.7214225232853514 0.15356981981981982 0.13209144792548688
1 0.8029391891891892 0.7222692633361558 0.06695945945945946 0.07959356477561388
1 0.6824662162162162 0.7265029635901779 0.09167792792792792 0.11515664690939881
1 0.7764752252252252 0.7849280270956817 0.056813063063063066 0.02540220152413209
1 0.2253265765765766 0.787891617273497 0.061621621621621624 0.0550381033022862
1 0.2771283783783784 0.7997459779847587 0.060000000000000005 0.07197290431837426
1 0.7320045045045045 0.7997459779847587 0.08269144144144144 0.04149026248941575
1 0.42462837837837836 0.8069432684165961 0.10283783783783783 0.07959356477561388
1 0.33625 0.8077900084674005 0.09042792792792792 0.07790008467400508
1 0.5906981981981981 0.8099068585944115 0.09952702702702702 0.07197290431837426
1 0.6740202702702702 0.8120237087214225 0.09055180180180179 0.06265876375952582
1 0.5073873873873874 0.8132938187976291 0.09949324324324324 0.08890770533446232