1 0.8645333333333334 0.7024888888888889 0.06293333333333333 0.09913333333333334
1 0.7893777777777778 0.7241111111111111 0.09044444444444445 0.11411111111111111
1 0.6862222222222223 0.7281777777777778 0.12051111111111111 0.1262
1 0.5993111111111111 0.7386666666666666 0.06988888888888889 0.09471111111111111
1 0.5361111111111111 0.7499555555555556 0.05248888888888889 0.07664444444444445
1 0.8530222222222222 0.7728222222222222 0.04395555555555556 0.062
1 0.8029111111111111 0.7982888888888889 0.05691111111111111 0.07251111111111112
1 0.7443333333333333 0.8124222222222222 0.060955555555555554 0.07657777777777779
1 0.5514444444444444 0.819288888888889 0.059000000000000004 0.06606666666666666
1 0.6813333333333333 0.8253555555555556 0.06422222222222222 0.07011111111111111
1 0.6138666666666667 0.8298000000000001 0.06666666666666667 0.08708888888888888