0 0.263130081300813 0.5425 0.11861788617886179 0.10088235294117646
0 0.7184146341463414 0.5486274509803921 0.10044715447154472 0.09049019607843138
1 0.45540650406504063 0.14142156862745098 0.0909349593495935 0.09426470588235294
1 0.5371138211382114 0.1465686274509804 0.1026829268292683 0.08955882352941176
1 0.38390243902439025 0.18098039215686276 0.059959349593495935 0.0867156862745098
1 0.6152439024390244 0.1828921568627451 0.07459349593495936 0.0753921568627451
1 0.32642276422764227 0.22813725490196077 0.09512195121951218 0.08294117647058824
1 0.6625609756097561 0.23377450980392156 0.0956910569105691 0.10181372549019607
1 0.3119918699186992 0.3045098039215686 0.09589430894308942 0.07352941176470588
1 0.6793495934959349 0.3092156862745098 0.10117886178861789 0.0867156862745098
0 0.29906504065040646 0.36715686274509807 0.09044715447154472 0.07446078431372549
1 0.7000406504065041 0.37 0.10195121951219512 0.0688235294117647
0 0.27796747967479674 0.44872549019607844 0.11390243902439025 0.10558823529411765
0 0.7219512195121951 0.45862745098039215 0.12073170731707317 0.08955882352941176