1 0.3757090909090909 0.5752459016393442 0.10887272727272727 0.17076502732240437
1 0.5052363636363636 0.5972131147540984 0.06792727272727273 0.08196721311475409
1 0.3162909090909091 0.607431693989071 0.09138181818181818 0.17273224043715846
1 0.4574909090909091 0.6372131147540984 0.07767272727272727 0.07612021857923497
1 0.27083636363636365 0.6489071038251366 0.08101818181818182 0.14639344262295081
1 0.3977818181818182 0.6698907103825137 0.07250909090909091 0.07901639344262296
1 0.24163636363636365 0.6732786885245902 0.048545454545454544 0.10540983606557376
1 0.35556363636363636 0.7098907103825136 0.05305454545454545 0.06147540983606557
1 0.6776 0.22393442622950818 0.055527272727272724 0.10830601092896175
1 0.6555272727272727 0.273224043715847 0.06072727272727273 0.15612021857923497
1 0.6253090909090909 0.3117486338797814 0.07567272727272727 0.16688524590163933
1 0.5870181818181819 0.36448087431693993 0.11592727272727273 0.17076502732240437
1 0.5198181818181817 0.42693989071038246 0.13221818181818182 0.18442622950819673
1 0.6321454545454546 0.4308196721311476 0.05814545454545455 0.04584699453551913
1 0.5948 0.48934426229508193 0.06010909090909091 0.0673224043715847
1 0.44680000000000003 0.49863387978142076 0.13156363636363635 0.197103825136612
1 0.5503272727272728 0.5396174863387978 0.06338181818181818 0.07612021857923497