1 0.20513307984790877 0.643717277486911 0.06437262357414449 0.1131413612565445
1 0.2567300380228137 0.7026178010471203 0.10403041825095057 0.1187434554973822
1 0.738403041825095 0.7577486910994764 0.07501901140684411 0.17298429319371728
1 0.2859315589353612 0.7652356020942408 0.07281368821292775 0.1468062827225131
1 0.34125475285171103 0.7769109947643978 0.07079847908745247 0.1738743455497382
1 0.6919011406844107 0.7811518324607329 0.07296577946768061 0.14492146596858638
1 0.4104942965779467 0.7998429319371728 0.08980988593155893 0.19350785340314136
1 0.6195817490494296 0.7998429319371728 0.0817490494296578 0.18230366492146596
1 0.5625475285171102 0.8190052356020943 0.08988593155893536 0.15706806282722513
1 0.4879087452471483 0.8194764397905759 0.09798479087452472 0.16361256544502617
1 0.6294296577946767 0.29308900523560205 0.12996197718631178 0.22345549738219894
1 0.5038403041825095 0.2935602094240838 0.13756653992395437 0.2281151832460733
1 0.3985931558935361 0.3085340314136126 0.09551330798479088 0.1907329842931937
1 0.7200760456273764 0.31602094240837697 0.08452471482889734 0.2019371727748691
1 0.33174904942965777 0.3258115183246073 0.08399239543726236 0.2589528795811518
1 0.7804562737642585 0.33612565445026177 0.07231939163498098 0.22345549738219894
1 0.282851711026616 0.377696335078534 0.06501901140684412 0.2243979057591623
1 0.24281368821292776 0.3805235602094241 0.03923954372623574 0.16267015706806282
1 0.8249429657794677 0.39780104712041886 0.05129277566539924 0.20099476439790576
1 0.2105703422053232 0.4048167539267015 0.04536121673003802 0.16267015706806282