1 0.8663555555555555 0.7027555555555556 0.06866666666666667 0.1240888888888889
1 0.7788444444444445 0.7157333333333333 0.11777777777777777 0.14257777777777778
1 0.6801777777777778 0.7296444444444444 0.11506666666666666 0.13333333333333333
1 0.5959111111111112 0.7352 0.08364444444444445 0.1148
1 0.5436 0.7458222222222223 0.05617777777777778 0.08057777777777778
1 0.8561777777777777 0.7768444444444444 0.05937777777777777 0.06853333333333333
1 0.8005777777777777 0.8004444444444444 0.07422222222222222 0.08057777777777778
1 0.7417777777777778 0.8134222222222223 0.06964444444444444 0.09537777777777778
1 0.6774222222222221 0.8194666666666667 0.07617777777777777 0.08702222222222221
1 0.5486666666666666 0.8222222222222222 0.06697777777777777 0.08888888888888889
1 0.6088444444444445 0.8305777777777777 0.09844444444444443 0.08702222222222221