0 0.8149090909090909 0.5580434782608696 0.07501818181818182 0.11065217391304348
0 0.07447272727272727 0.563858695652174 0.06745454545454546 0.13391304347826088
0 0.12381818181818181 0.5905434782608695 0.07541818181818181 0.15239130434782608
0 0.7655636363636363 0.5929891304347826 0.07501818181818182 0.13782608695652174
0 0.16472727272727272 0.6138586956521739 0.07803636363636364 0.17179347826086958
0 0.7162181818181819 0.6182065217391305 0.07756363636363636 0.13005434782608696
0 0.22996363636363637 0.6186956521739131 0.08389090909090909 0.16983695652173914
0 0.3046181818181818 0.6206521739130435 0.10338181818181819 0.15820652173913044
0 0.5717818181818182 0.6279347826086957 0.10152727272727273 0.13391304347826088
0 0.6516363636363636 0.6279347826086957 0.09509090909090909 0.15331521739130435
0 0.48120000000000007 0.6390760869565217 0.10345454545454545 0.13293478260869565
0 0.39 0.6395652173913043 0.0962909090909091 0.1455978260869565
0 0.040036363636363634 0.39934782608695657 0.034981818181818176 0.14266304347826086
0 0.16890909090909093 0.4008152173913043 0.09014545454545454 0.27755434782608696
0 0.11534545454545454 0.41293478260869565 0.05832727272727273 0.21641304347826087
0 0.2610909090909091 0.4134239130434782 0.10829090909090909 0.27951086956521737
0 0.07963636363636363 0.4153804347826087 0.057054545454545455 0.19021739130434784
0 0.7415636363636364 0.41875 0.10225454545454546 0.27853260869565216
0 0.6571636363636364 0.4352717391304348 0.1256 0.2727173913043478
0 0.7925090909090909 0.4357608695652174 0.07305454545454546 0.23097826086956522
0 0.5312 0.4396195652173913 0.1618909090909091 0.3163586956521739
0 0.3880363636363636 0.4478804347826087 0.15432727272727273 0.3328804347826087