1 0.6529454545454546 0.5639890710382514 0.08989090909090909 0.21076502732240437
1 0.36825454545454545 0.5698907103825137 0.08003636363636364 0.18344262295081967
1 0.5601090909090909 0.6020765027322404 0.11712727272727273 0.22054644808743168
1 0.452 0.6084153005464481 0.1229090909090909 0.20590163934426228
1 0.6704727272727272 0.6474316939890711 0.08858181818181818 0.06344262295081966
1 0.33705454545454544 0.6562295081967213 0.0628 0.08491803278688524
1 0.3916 0.6942622950819672 0.08356363636363637 0.07901639344262296
1 0.6110545454545454 0.7030601092896175 0.09312727272727273 0.07710382513661201
1 0.4688727272727273 0.7133333333333333 0.09 0.05267759562841531
1 0.5344363636363636 0.7191803278688526 0.06970909090909091 0.0839344262295082
1 0.2026909090909091 0.4674316939890711 0.045963636363636366 0.1385792349726776
1 0.7830909090909091 0.4879234972677596 0.06592727272727272 0.15224043715846994
1 0.24425454545454547 0.5074316939890711 0.05530909090909091 0.16005464480874315
1 0.7269454545454546 0.5386338797814207 0.08472727272727273 0.18737704918032785
1 0.29650909090909094 0.5420765027322405 0.07287272727272727 0.19808743169398907