1 0.40507246376811595 0.6220765027322405 0.050905797101449275 0.07710382513661201
1 0.7750724637681159 0.6240437158469946 0.058514492753623186 0.07710382513661201
1 0.4406521739130435 0.6552459016393443 0.07028985507246377 0.0966120218579235
1 0.7152536231884058 0.6650273224043716 0.07858695652173914 0.0692896174863388
1 0.47525362318840575 0.6942622950819672 0.05927536231884058 0.10049180327868852
1 0.5218115942028986 0.7025683060109289 0.07221014492753623 0.12491803278688525
1 0.5845652173913044 0.7055191256830602 0.07605072463768116 0.12683060109289618
1 0.6505434782608696 0.7060109289617486 0.0786231884057971 0.10049180327868852
1 0.8834420289855073 0.44060109289617483 0.04826086956521739 0.11612021857923498
1 0.3507246376811594 0.4454644808743169 0.04833333333333333 0.19224043715846995
1 0.8294202898550724 0.46153005464480873 0.08380434782608695 0.15415300546448088
1 0.759891304347826 0.47426229508196727 0.09608695652173913 0.18737704918032785
1 0.382427536231884 0.48251366120218575 0.044456521739130436 0.2039344262295082
1 0.4251449275362319 0.5093442622950819 0.06684782608695652 0.17956284153005464
1 0.6741666666666667 0.5122950819672131 0.08891304347826087 0.1892896174863388
1 0.495 0.5308196721311476 0.09014492753623188 0.2185792349726776
1 0.5865217391304348 0.5352459016393443 0.11152173913043478 0.2078688524590164