1 0.8066796875 0.38340170940170937 0.04984375 0.210017094017094
1 0.76064453125 0.40842735042735046 0.09169921875 0.1916923076923077
1 0.69822265625 0.4658119658119658 0.131474609375 0.2283247863247863
1 0.82203125 0.5054871794871795 0.05896484375 0.07326495726495727
1 0.77810546875 0.5317435897435897 0.06173828125 0.12331623931623932
1 0.609306640625 0.5543418803418804 0.143369140625 0.21977777777777777
1 0.75125 0.58791452991453 0.0666015625 0.10866666666666666
1 0.69720703125 0.6178290598290599 0.07705078125 0.1172136752136752
1 0.5245703125 0.6330940170940171 0.099462890625 0.19658119658119658
1 0.642109375 0.6697264957264958 0.092373046875 0.13064957264957267
1 0.44646484375 0.6764273504273504 0.086943359375 0.21977777777777777
1 0.579326171875 0.7216068376068376 0.080615234375 0.11476923076923078
1 0.393115234375 0.7533504273504273 0.07650390625 0.1562905982905983
1 0.5298046875 0.7698461538461538 0.070869140625 0.12331623931623932
1 0.3484765625 0.7747179487179486 0.08767578125 0.15263247863247864
1 0.472275390625 0.8131794871794872 0.0701953125 0.0928034188034188