1 0.9911636363636364 0.4320765027322404 0.017672727272727274 0.06098360655737705
1 0.7129454545454545 0.43557377049180324 0.036654545454545454 0.08830601092896175
1 0.9729454545454546 0.44382513661202183 0.03363636363636364 0.07939890710382513
1 0.7550181818181818 0.44508196721311477 0.03650909090909091 0.09721311475409836
1 0.7323999999999999 0.4460655737704918 0.02083636363636364 0.08639344262295082
1 0.9503272727272727 0.4460655737704918 0.04163636363636363 0.09655737704918034
1 0.9171272727272728 0.4492349726775956 0.043745454545454546 0.1003825136612022
1 0.7865090909090909 0.45114754098360654 0.03778181818181819 0.08639344262295082
1 0.827490909090909 0.4559016393442623 0.05894545454545455 0.09846994535519125
1 0.8769818181818181 0.4559016393442623 0.05301818181818182 0.09846994535519125
1 0.9399636363636364 0.5016393442622951 0.03698181818181818 0.0260655737704918
1 0.7839636363636364 0.5051366120218579 0.04621818181818182 0.034316939890710385
1 0.9082545454545455 0.5063934426229508 0.029381818181818183 0.029234972677595627
1 0.848 0.5121311475409837 0.03654545454545455 0.035573770491803276
1 0.8186181818181818 0.5127868852459017 0.0344 0.029234972677595627
1 0.8805454545454545 0.5165573770491804 0.03738181818181818 0.034316939890710385