1 0.702 0.34452380952380957 0.0482 0.1167857142857143
1 0.31986666666666663 0.37547619047619046 0.07723333333333333 0.14654761904761907
1 0.6645 0.37720238095238096 0.054 0.14077380952380952
1 0.6071 0.4160714285714286 0.07390000000000001 0.1499404761904762
1 0.3836333333333333 0.4201190476190476 0.06956666666666667 0.13964285714285715
1 0.5330333333333334 0.44125 0.1118 0.17285714285714285
1 0.4455 0.4418452380952381 0.074 0.14422619047619048
1 0.6135333333333334 0.5025000000000001 0.06459999999999999 0.07553571428571429
1 0.4013 0.5133928571428571 0.06573333333333332 0.08357142857142856
1 0.5558000000000001 0.5179761904761905 0.05856666666666667 0.06297619047619048
1 0.44583333333333336 0.540297619047619 0.07079999999999999 0.10071428571428573
1 0.5032333333333333 0.5442857142857143 0.06369999999999999 0.05607142857142857