1 0.39753125 0.34543325526932084 0.156421875 0.312248243559719
0 0.6842343750000001 0.3625058548009367 0.10709375000000002 0.2761592505854801
0 0.192796875 0.3629976580796253 0.0955625 0.2576112412177986
1 0.5540468749999999 0.36348946135831384 0.182640625 0.2624824355971897
1 0.28196875 0.37519906323185015 0.130671875 0.26639344262295084
0 0.119234375 0.3781264637002342 0.070859375 0.194192037470726
0 0.7991406249999999 0.3786182669789227 0.10840625 0.23810304449648712
1 0.95371875 0.37911007025761123 0.060125 0.2039344262295082
0 0.8909218750000001 0.3810538641686183 0.08890624999999999 0.2039344262295082
1 0.07334375 0.38447306791569086 0.057203125 0.19126463700234192
1 0.031359375 0.3917798594847775 0.059171875 0.18637002341920375
0 0.170671875 0.5318032786885246 0.091890625 0.21271662763466043
0 0.046015625 0.5327868852459017 0.085859375 0.10929742388758783
0 0.839828125 0.5357142857142857 0.0869375 0.2244262295081967
0 0.1163125 0.5357142857142857 0.08321875 0.14637002341920374
0 0.97496875 0.5449882903981265 0.050062499999999996 0.14344262295081966
0 0.918578125 0.5479156908665106 0.093484375 0.16491803278688524
1 0.5449375 0.5762060889929742 0.096734375 0.20978922716627635
1 0.44439062500000004 0.5781733021077283 0.093953125 0.20978922716627635
1 0.354890625 0.5806088992974239 0.09846875000000001 0.232248243559719
0 0.752921875 0.5830444964871194 0.12792187500000002 0.22346604215456675
1 0.639671875 0.5849882903981265 0.109640625 0.22346604215456675
0 0.25009375 0.586463700234192 0.0984375 0.19515222482435596