1 0.39934 0.3218562874251497 0.04038 0.10679640718562874
1 0.42102 0.32236526946107785 0.03572 0.10179640718562874
1 0.45002 0.32236526946107785 0.05374 0.11377245508982035
1 0.55572 0.32236526946107785 0.05582 0.11976047904191617
1 0.50138 0.3238622754491018 0.06844 0.11476047904191616
1 0.6070599999999999 0.32434131736526944 0.0562 0.11377245508982035
1 0.69178 0.3268562874251497 0.0599 0.09482035928143713
1 0.65176 0.3288323353293413 0.0412 0.10679640718562874
1 0.42634 0.4590718562874252 0.01704 0.04790419161676647
1 0.44536000000000003 0.47305389221556887 0.028399999999999998 0.0718562874251497
1 0.5794 0.47356287425149696 0.03782 0.04491017964071856
1 0.47704 0.4765568862275449 0.03576 0.06287425149700598
1 0.54638 0.4785329341317366 0.0358 0.05089820359281437
1 0.50804 0.4830239520958084 0.03644 0.059880239520958084