1 0.6710196078431373 0.5125252525252525 0.059137254901960784 0.12343434343434344
1 0.7527058823529411 0.5181313131313131 0.05843137254901961 0.08232323232323233
1 0.7058823529411765 0.5186363636363637 0.0504313725490196 0.12065656565656566
1 0.29054901960784313 0.5223737373737374 0.05137254901960784 0.11691919191919191
1 0.24772549019607845 0.5261111111111111 0.041215686274509805 0.11691919191919191
1 0.7214901960784313 0.5293434343434343 0.03666666666666667 0.11222222222222222
1 0.6572549019607843 0.6528282828282828 0.04607843137254902 0.05611111111111111
1 0.3239607843137255 0.6565656565656566 0.06007843137254902 0.059848484848484845
1 0.3726274509803921 0.657979797979798 0.05756862745098039 0.09444444444444444
1 0.5606666666666666 0.6603030303030304 0.062 0.09353535353535353
1 0.5127450980392156 0.6617171717171718 0.06780392156862745 0.13934343434343435
1 0.6129411764705883 0.664040404040404 0.059137254901960784 0.08606060606060606
1 0.41580392156862744 0.6654545454545454 0.055411764705882355 0.10570707070707071
1 0.46447058823529414 0.6738888888888889 0.06270588235294118 0.11131313131313131
1 0.37623529411764706 0.4895959595959596 0.06874509803921569 0.13373737373737374
1 0.5417647058823529 0.49242424242424243 0.09482352941176471 0.14681818181818182
1 0.45027450980392153 0.49429292929292934 0.09486274509803921 0.14681818181818182
1 0.6180392156862745 0.49712121212121213 0.06349019607843137 0.13
1 0.32141176470588234 0.5027272727272728 0.06949019607843136 0.10757575757575757