1 0.7221478873239436 0.5811864406779661 0.06616197183098592 0.10774011299435028
1 0.36422535211267604 0.6094350282485876 0.065 0.1475141242937853
1 0.6911619718309859 0.6146892655367231 0.061619718309859156 0.11615819209039548
1 0.4137676056338028 0.635593220338983 0.05193661971830986 0.14124293785310735
1 0.6488028169014084 0.6376836158192091 0.06816901408450704 0.12033898305084746
1 0.46919014084507044 0.6591525423728813 0.07669014084507042 0.15067796610169493
1 0.5829577464788732 0.6622598870056497 0.07207746478873239 0.14440677966101695
1 0.5223239436619719 0.6654237288135594 0.07602112676056338 0.14649717514124294
1 0.20809859154929577 0.20559322033898306 0.03443661971830986 0.1140677966101695
1 0.23742957746478877 0.2453672316384181 0.04355633802816901 0.16005649717514123
1 0.26612676056338025 0.26994350282485874 0.04612676056338028 0.17576271186440678
1 0.3117605633802817 0.27096045197740115 0.0721830985915493 0.22807909604519772
1 0.8039788732394366 0.2966101694915254 0.04404929577464789 0.11192090395480225
1 0.37693661971830983 0.3023728813559322 0.0721830985915493 0.19666666666666668
1 0.4610211267605634 0.3259322033898305 0.10475352112676056 0.2458757062146893
1 0.6432746478873239 0.33372881355932205 0.06809859154929578 0.1903954802259887
1 0.7752816901408451 0.3389830508474576 0.05183098591549296 0.11717514124293785
1 0.7426760563380281 0.3415819209039548 0.042711267605633804 0.15169491525423728
1 0.5529929577464789 0.3431638418079096 0.1104225352112676 0.22598870056497175
1 0.6973943661971831 0.3436723163841808 0.07204225352112677 0.2186440677966102
1 0.2615492957746479 0.44519774011299434 0.07873239436619718 0.09937853107344632
1 0.29806338028169016 0.5121468926553673 0.08394366197183098 0.07429378531073447
1 0.7524647887323943 0.5205084745762711 0.07725352112676057 0.11192090395480225
1 0.31697183098591547 0.5633898305084746 0.061760563380281686 0.10983050847457627