1 0.6060231660231661 0.5154639175257731 0.04166023166023166 0.09164948453608247
1 0.44293436293436295 0.5278865979381443 0.05324324324324324 0.07829896907216495
1 0.4890733590733591 0.5383505154639175 0.049613899613899615 0.07252577319587629
1 0.5734749034749035 0.5383505154639175 0.04386100386100386 0.0954639175257732
1 0.5280694980694981 0.5412371134020618 0.057451737451737456 0.07443298969072165
1 0.31135135135135134 0.35891752577319586 0.03250965250965251 0.06108247422680412
1 0.7043629343629344 0.370360824742268 0.02231660231660232 0.06489690721649484
1 0.3288803088803089 0.3760824742268041 0.026833976833976834 0.07634020618556701
1 0.3438996138996139 0.38561855670103096 0.04254826254826255 0.08402061855670104
1 0.6750579150579151 0.39329896907216494 0.03521235521235521 0.08402061855670104
1 0.3764478764478765 0.39948453608247425 0.046100386100386095 0.11170103092783507
1 0.6453667953667954 0.4009278350515464 0.05166023166023166 0.12597938144329898
1 0.4179150579150579 0.41664948453608247 0.05752895752895753 0.13077319587628866
1 0.6020849420849421 0.41664948453608247 0.04810810810810811 0.12314432989690723
1 0.3324710424710425 0.42860824742268044 0.034671814671814676 0.06680412371134022
1 0.5441698841698842 0.43097938144329895 0.07961389961389961 0.132680412371134
1 0.47621621621621624 0.4319587628865979 0.08108108108108109 0.12695876288659794
1 0.35320463320463324 0.4639175257731959 0.04540540540540541 0.07252577319587629
1 0.6553667953667954 0.4725257731958763 0.03162162162162162 0.06298969072164949
1 0.3818146718146718 0.48159793814432994 0.04969111969111969 0.05824742268041237
1 0.634980694980695 0.498298969072165 0.040926640926640924 0.09164948453608247
1 0.403976833976834 0.5116494845360825 0.05683397683397683 0.07252577319587629