1 0.2862890625 0.497578125 0.123203125 0.23623697916666667
1 0.01595703125 0.4994401041666667 0.031904296875 0.08371093750000001
1 0.049755859375 0.4994401041666667 0.066142578125 0.1618359375
1 0.566083984375 0.5003776041666667 0.174658203125 0.2604166666666667
1 0.697978515625 0.5003776041666667 0.120146484375 0.23809895833333336
1 0.417109375 0.5050260416666666 0.162890625 0.26600260416666666
1 0.79845703125 0.5050260416666666 0.12287109375 0.23623697916666667
1 0.180576171875 0.5115364583333334 0.1169921875 0.22694010416666666
1 0.87521484375 0.5143229166666666 0.094912109375 0.20647135416666665
1 0.099990234375 0.5152473958333333 0.08564453125 0.19717447916666667
1 0.928955078125 0.5445442708333333 0.073955078125 0.15903645833333332
1 0.963486328125 0.5598958333333334 0.0494921875 0.10602864583333334
1 0.040712890625 0.6031380208333333 0.08142578125 0.11440104166666666
1 0.242333984375 0.6068619791666666 0.1023046875 0.0734765625
1 0.33060546875 0.6138411458333334 0.07083984375 0.052083333333333336
1 0.092314453125 0.6217447916666666 0.064716796875 0.08463541666666667
0 0.720654296875 0.6259244791666666 0.094306640625 0.08371093750000001
1 0.162783203125 0.6296484375 0.096767578125 0.068828125
1 0.80927734375 0.6361588541666666 0.09564453125 0.08928385416666666
1 0.639365234375 0.6370963541666667 0.102041015625 0.07626302083333333
0 0.88603515625 0.6380208333333334 0.080244140625 0.07440104166666667