1 0.4710507246376811 0.5506010928961749 0.05615942028985507 0.0718032786885246
1 0.39206521739130434 0.42032786885245904 0.06076086956521739 0.16459016393442624
1 0.741268115942029 0.42224043715846993 0.028043478260869566 0.09978142076502733
1 0.3168840579710145 0.42256830601092893 0.036557971014492756 0.14103825136612022
1 0.6083695652173913 0.42540983606557375 0.06634057971014493 0.16202185792349727
1 0.45481884057971017 0.42633879781420764 0.09702898550724638 0.16901639344262295
1 0.6949275362318841 0.42633879781420764 0.043188405797101447 0.12836065573770492
1 0.6557608695652174 0.42765027322404375 0.05242753623188406 0.1537704918032787
1 0.5413768115942028 0.4279234972677596 0.09746376811594203 0.17726775956284152
1 0.348695652173913 0.4289071038251366 0.0447463768115942 0.15120218579234973
1 0.7153623188405797 0.43907103825136606 0.02931159420289855 0.1080327868852459
1 0.3511956521739131 0.5102185792349727 0.034456521739130434 0.05721311475409836
1 0.6757608695652173 0.5114754098360655 0.03771739130434783 0.026666666666666665
1 0.6521739130434783 0.5229508196721312 0.044456521739130436 0.044480874316939895
1 0.39018115942028986 0.524863387978142 0.04097826086956522 0.06098360655737705
1 0.6085869565217391 0.5289617486338798 0.043985507246376815 0.056557377049180325
1 0.4270289855072464 0.5356284153005464 0.05489130434782609 0.06737704918032787
1 0.5744565217391304 0.5362841530054645 0.051557971014492755 0.07371584699453552
1 0.523695652173913 0.5420218579234972 0.063768115942029 0.08513661202185792