1 0.3729203539823009 0.4350675675675676 0.024365781710914455 0.13182432432432434
1 0.39825958702064895 0.4482432432432433 0.032831858407079646 0.13513513513513514
1 0.6502064896755162 0.4552702702702702 0.02247787610619469 0.11290540540540542
1 0.4232743362831859 0.4597972972972973 0.04182890855457227 0.14175675675675675
1 0.6286430678466077 0.47094594594594597 0.023923303834808257 0.1343243243243243
1 0.4529498525073747 0.47378378378378383 0.040029498525073745 0.1466891891891892
1 0.6106489675516223 0.47790540540540544 0.031091445427728612 0.15817567567567567
1 0.5802654867256637 0.4812162162162162 0.0371976401179941 0.15493243243243243
1 0.5417699115044248 0.48783783783783785 0.05374631268436578 0.1681081081081081
1 0.49501474926253686 0.48986486486486486 0.05371681415929204 0.1622972972972973
1 0.4295575221238938 0.5586486486486487 0.01967551622418879 0.07250000000000001
1 0.6074041297935103 0.5607432432432432 0.02752212389380531 0.04695945945945946
1 0.4608554572271386 0.5702027027027027 0.04292035398230089 0.06594594594594594
1 0.5840412979351033 0.5735135135135134 0.028230088495575224 0.07250000000000001
1 0.5566961651917404 0.582972972972973 0.036843657817109146 0.08155405405405405
1 0.5259587020648968 0.5879054054054055 0.03215339233038348 0.0552027027027027
1 0.4946607669616519 0.5883108108108107 0.03430678466076696 0.06594594594594594