1 0.78474 0.3284084084084084 0.10292 0.2812612612612613
1 0.84814 0.33183183183183185 0.05722 0.2720420420420421
1 0.68504 0.3394594594594595 0.14354 0.2920720720720721
1 0.55264 0.3602402402402402 0.12906 0.2544144144144144
1 0.41578 0.41051051051051046 0.14382 0.2812912912912913
1 0.27594 0.49630630630630634 0.15472 0.2173873873873874
1 0.14028 0.542942942942943 0.13906 0.19774774774774773
1 0.04424 0.5764864864864865 0.08848 0.17435435435435437
1 0.7044199999999999 0.7822822822822822 0.06948 0.11909909909909909
1 0.76038 0.7839939939939939 0.06104 0.11291291291291292
1 0.64646 0.7894894894894894 0.07926000000000001 0.11870870870870871
1 0.56702 0.7937837837837838 0.1181 0.10846846846846846
1 0.45558 0.7974174174174175 0.11818000000000001 0.08606606606606607