1 0.54884375 0.15030208333333334 0.041078125 0.08928124999999999
1 0.5069921875000001 0.15551041666666665 0.0377421875 0.06696875000000001
1 0.469609375 0.17485416666666667 0.0388671875 0.06398958333333334
1 0.5918125 0.17857291666666666 0.0694140625 0.07440625000000001
1 0.39875 0.23139583333333333 0.0466953125 0.0550625
1 0.64090625 0.25967708333333334 0.062257812499999995 0.0699375
1 0.3708515625 0.3020833333333333 0.06009375 0.08035416666666667
1 0.6537421875 0.33407291666666666 0.063375 0.07589583333333333
0 0.3435078125 0.3854166666666667 0.070140625 0.13690625
0 0.6671328125 0.4226145833333333 0.0789921875 0.11607291666666668
0 0.31282031250000003 0.48809375 0.08465625 0.12202083333333333
0 0.67884375 0.5349687500000001 0.07340624999999999 0.09077083333333333
0 0.29440625 0.5863125 0.0723828125 0.08928124999999999
0 0.692796875 0.6949375 0.1035390625 0.0625
0 0.698375 0.7418125 0.0968359375 0.049104166666666664
1 0.68665625 0.7871979166666667 0.07340624999999999 0.032739583333333336
1 0.64090625 0.8325937499999999 0.0600234375 0.040177083333333335
1 0.550515625 0.8482187499999999 0.048890625 0.047614583333333335