0 0.705359477124183 0.35393939393939394 0.11173202614379084 0.20951515151515152
0 0.5714052287581699 0.3544848484848485 0.14915032679738563 0.17296969696969697
0 0.9444117647058824 0.3573939393939394 0.09313725490196079 0.2336969696969697
0 0.8473202614379084 0.36163636363636364 0.12820261437908495 0.22933333333333336
0 0.37754901960784315 0.3666060606060606 0.15937908496732028 0.1829090909090909
0 0.2350326797385621 0.394 0.11147058823529411 0.20375757575757575
0 0.1057516339869281 0.4384848484848485 0.1349673202614379 0.22115151515151515
0 0.8984967320261438 0.5164848484848484 0.11356209150326797 0.22387878787878787
1 0.5141830065359477 0.526 0.1138235294117647 0.24763636363636363
1 0.3980718954248366 0.5264242424242425 0.11248366013071896 0.25793939393939397
1 0.7688235294117647 0.538969696969697 0.14133986928104575 0.19193939393939394
1 0.6387254901960784 0.5404242424242425 0.1181045751633987 0.24157575757575758
0 0.2693464052287582 0.5523636363636364 0.11872549019607842 0.3003636363636364
1 0.14218954248366011 0.5681818181818182 0.13411764705882354 0.2150909090909091
0 0.032875816993464056 0.5752727272727273 0.06575163398692811 0.280969696969697