1 0.4575675675675676 0.5375257731958762 0.05532818532818533 0.07881443298969072
0 0.40057915057915056 0.5387628865979381 0.055637065637065636 0.08953608247422681
1 0.5188803088803088 0.5393814432989691 0.06362934362934364 0.07840206185567011
1 0.6303474903474903 0.5402577319587629 0.05803088803088803 0.09654639175257732
0 0.34266409266409265 0.5426804123711341 0.060308880308880305 0.08499999999999999
1 0.5728957528957529 0.5430927835051547 0.054362934362934365 0.07757731958762887
0 0.6771428571428572 0.550360824742268 0.04351351351351351 0.07963917525773195
1 0.37478764478764476 0.4492783505154639 0.050424710424710424 0.08371134020618556
0 0.44675675675675675 0.45278350515463917 0.0893050193050193 0.10309278350515463
1 0.31799227799227797 0.45525773195876285 0.060308880308880305 0.09154639175257732
0 0.6098069498069498 0.45793814432989693 0.05714285714285715 0.07628865979381444
0 0.5394208494208494 0.45958762886597937 0.08926640926640927 0.09608247422680413
0 0.6665637065637066 0.4690721649484536 0.03725868725868726 0.08396907216494845