0 0.5846109510086456 0.6896551724137931 0.0553314121037464 0.2180689655172414
1 0.48195965417867437 0.7035862068965517 0.06345821325648415 0.1522758620689655
0 0.633371757925072 0.7286206896551725 0.04953890489913545 0.17689655172413793
0 0.6794524495677233 0.7330344827586207 0.04498559077809798 0.1713793103448276
0 0.4248991354466859 0.7373793103448276 0.04910662824207493 0.10137931034482758
0 0.38521613832853024 0.75 0.03426512968299712 0.10524137931034483
0 0.7782420749279539 0.7524827586206897 0.044524495677233426 0.11972413793103448
0 0.7304322766570606 0.7536551724137931 0.055648414985590776 0.134
0 0.6431123919308357 0.564551724137931 0.09319884726224785 0.16717241379310344
0 0.7191354466858789 0.5822068965517242 0.05913544668587896 0.22317241379310346
0 0.4840634005763689 0.5833103448275861 0.06219020172910662 0.18151724137931036
0 0.7720749279538905 0.6084137931034482 0.048011527377521616 0.18255172413793103
1 0.42504322766570607 0.6221379310344827 0.05838616714697407 0.19089655172413794
0 0.3817867435158501 0.6469655172413793 0.0414985590778098 0.11365517241379311
1 0.5336023054755044 0.6717931034482758 0.053602305475504326 0.22489655172413792