0 0.20807971014492754 0.5490710382513662 0.1086231884057971 0.20322404371584699
0 0.31014492753623185 0.5618032786885246 0.10528985507246376 0.21240437158469944
0 0.41239130434782606 0.594207650273224 0.11 0.18502732240437159
0 0.5176449275362319 0.5983060109289617 0.09547101449275362 0.21256830601092896
0 0.607463768115942 0.6045901639344262 0.09996376811594203 0.20765027322404372
0 0.702355072463768 0.608087431693989 0.08822463768115943 0.1878688524590164
0 0.7517391304347826 0.610327868852459 0.10177536231884057 0.1800546448087432
0 0.437463768115942 0.3607103825136612 0.16576086956521738 0.28054644808743173
0 0.2757246376811594 0.3699453551912568 0.11539855072463769 0.2098360655737705
0 0.6151449275362318 0.3795081967213115 0.17699275362318842 0.26759562841530055
0 0.7469565217391304 0.3878688524590164 0.08934782608695652 0.2801092896174863
0 0.12094202898550725 0.5360655737704918 0.09880434782608695 0.15491803278688526