0 0.21113712374581942 0.6614880952380953 0.14852842809364547 0.3376785714285714
1 0.7738795986622073 0.8110119047619048 0.15244147157190635 0.24154761904761904
0 0.2879264214046823 0.8767857142857144 0.11956521739130435 0.20702380952380953
1 0.677056856187291 0.8983333333333332 0.10795986622073579 0.20327380952380952
1 0.3980267558528428 0.9298214285714286 0.11247491638795988 0.14035714285714285
1 0.580200668896321 0.9407142857142856 0.08668896321070235 0.11857142857142858
1 0.4952842809364549 0.941845238095238 0.11234113712374583 0.11630952380952381
0 0.06511705685618728 0.10494047619047618 0.13020066889632106 0.20988095238095236
0 0.8662207357859532 0.25410714285714286 0.22521739130434784 0.435
0 0.12290969899665552 0.3832738095238095 0.18608695652173912 0.3536904761904762
0 0.8334113712374582 0.56375 0.21484949832775918 0.3582738095238095