0 0.6186896551724137 0.45902298850574713 0.023689655172413792 0.051551724137931035
0 0.5965862068965517 0.45977011494252873 0.020137931034482758 0.050114942528735634
0 0.5453103448275861 0.4656896551724138 0.020172413793103448 0.04419540229885058
0 0.6372758620689655 0.4671264367816092 0.01306896551724138 0.0353448275862069
0 0.6027931034482759 0.49511494252873567 0.025448275862068964 0.0353448275862069
0 0.5714137931034483 0.5002873563218391 0.036965517241379316 0.06040229885057471
0 0.4878620689655172 0.5025287356321839 0.03431034482758621 0.09724137931034484
0 0.5289655172413793 0.5091379310344828 0.03520689655172414 0.054540229885057474
0 0.45206896551724135 0.5157471264367816 0.026379310344827586 0.08545977011494252
0 0.3260689655172414 0.5157471264367816 0.022 0.05304597701149426
0 0.4180344827586207 0.5187356321839081 0.025482758620689654 0.07074712643678162
0 0.38620689655172413 0.5201724137931035 0.02727586206896552 0.07074712643678162
0 0.35613793103448277 0.5209195402298851 0.02727586206896552 0.06632183908045977