0 0.24453333333333335 0.2716444444444444 0.08128888888888888 0.07622222222222222
0 0.3332 0.2751111111111111 0.08875555555555555 0.0864
0 0.7870222222222223 0.2776444444444444 0.048577777777777775 0.05902222222222222
0 0.6612 0.2777777777777778 0.06471111111111111 0.06764444444444445
0 0.734 0.28853333333333336 0.08288888888888889 0.08311111111111111
0 0.5433333333333333 0.29128888888888893 0.11017777777777778 0.0776
0 0.45097777777777776 0.3138666666666667 0.07635555555555555 0.11857777777777778
0 0.22422222222222224 0.32302222222222227 0.0696 0.06555555555555556
0 0.37048888888888887 0.32466666666666666 0.07711111111111112 0.1012
0 0.7434222222222223 0.32813333333333333 0.07013333333333333 0.047466666666666664
0 0.5993777777777778 0.3297333333333333 0.08275555555555555 0.08777777777777777
0 0.2949777777777778 0.3308888888888889 0.08133333333333334 0.08728888888888889
0 0.6738222222222223 0.3373777777777778 0.0788 0.06786666666666666
0 0.5266222222222222 0.33946666666666664 0.07035555555555556 0.058133333333333335