0 0.9186764705882353 0.7011351351351351 0.16268382352941177 0.32432432432432434
0 0.7447426470588235 0.7551891891891892 0.17599264705882353 0.3656756756756757
0 0.1285294117647059 0.7557297297297297 0.10897058823529412 0.2945945945945946
0 0.5771691176470588 0.7615135135135135 0.1781985294117647 0.38789189189189194
0 0.406875 0.7702702702702703 0.1814705882352941 0.3608648648648649
0 0.24882352941176472 0.7884864864864866 0.1552205882352941 0.37172972972972973
0 0.09386029411764707 0.38394594594594594 0.09180147058823529 0.13513513513513514
0 0.41125 0.3891891891891892 0.24647058823529414 0.42362162162162165
0 0.6710661764705882 0.40091891891891895 0.25838235294117645 0.35610810810810806
0 0.8824632352941176 0.41275675675675677 0.16036764705882353 0.2844864864864865
0 0.03279411764705882 0.43718918918918914 0.06047794117647059 0.20351351351351352
0 0.21007352941176471 0.45470270270270274 0.16636029411764705 0.27978378378378377