1 0.055327380952380954 0.6753020134228188 0.1106845238095238 0.32483221476510066
0 0.18738095238095237 0.6832214765100671 0.13294642857142858 0.365503355704698
0 0.3223809523809524 0.6891275167785236 0.12860119047619048 0.38
0 0.6151785714285714 0.31550335570469795 0.19044642857142857 0.37013422818791947
1 0.42651785714285717 0.3179194630872483 0.18922619047619046 0.36523489932885905
1 0.7615178571428571 0.347248322147651 0.13711309523809523 0.34006711409395973
1 0.2675892857142857 0.36610738255033554 0.13702380952380952 0.32731543624161075
1 0.8871428571428571 0.3749664429530201 0.12589285714285714 0.3477181208053691
1 0.1320535714285714 0.404496644295302 0.14541666666666667 0.3593288590604027
1 0.03166666666666667 0.46295302013422823 0.06333333333333334 0.14281879194630873
1 0.9370238095238095 0.6551006711409396 0.12595238095238095 0.3204026845637584
0 0.7036011904761905 0.6648993288590603 0.13041666666666668 0.3619463087248322
0 0.4572619047619047 0.6658389261744966 0.11142857142857142 0.28489932885906044
1 0.8419642857142856 0.6695302013422819 0.14029761904761906 0.38919463087248324
0 0.5766071428571429 0.6702013422818792 0.11875 0.3064429530201342