0 0.322725 0.38624761904761906 0.068425 0.12441904761904761
0 0.253125 0.38704761904761903 0.070325 0.12474285714285713
0 0.4324375 0.39148571428571427 0.14005 0.15394285714285713
0 0.5724374999999999 0.4247619047619048 0.145075 0.14643809523809523
0 0.6967125 0.4750285714285714 0.0947375 0.11426666666666667
0 0.7892 0.5665142857142857 0.0761 0.1480190476190476
0 0.21995 0.731904761904762 0.0889875 0.13047619047619047
1 0.3037 0.8128571428571428 0.0760625 0.10083809523809524
1 0.38282499999999997 0.8542285714285714 0.0823625 0.09744761904761905
1 0.4654875 0.8772571428571428 0.08645 0.056704761904761904
0 0.5543375 0.8823238095238096 0.08497500000000001 0.04866666666666667