0 0.3647292418772563 0.5535164835164835 0.05581227436823105 0.06445054945054945
0 0.5551624548736462 0.5536813186813186 0.0712274368231047 0.09032967032967033
0 0.4812635379061372 0.5548901098901099 0.06180505415162455 0.0710989010989011
0 0.42310469314079424 0.5554945054945054 0.05685920577617329 0.05994505494505495
0 0.735884476534296 0.4508791208791209 0.06725631768953068 0.08741758241758242
0 0.651841155234657 0.47060439560439565 0.06292418772563177 0.0654945054945055
0 0.5590613718411552 0.4732967032967033 0.07938628158844765 0.08703296703296703
0 0.4532490974729242 0.5044505494505495 0.06978339350180504 0.054725274725274727
0 0.6922382671480144 0.517087912087912 0.07299638989169675 0.07857142857142857
0 0.30415162454873645 0.5363736263736264 0.06509025270758123 0.08186813186813187
0 0.6227797833935018 0.5432417582417582 0.0692057761732852 0.07197802197802197