0 0.09328282828282827 0.38551851851851854 0.09063131313131313 0.10874074074074074
0 0.4090909090909091 0.38633333333333336 0.25477272727272726 0.436
0 0.670429292929293 0.3980740740740741 0.2534090909090909 0.36203703703703705
0 0.8816666666666666 0.4109259259259259 0.17297979797979798 0.30248148148148146
0 0.030075757575757575 0.44022222222222224 0.06015151515151515 0.1847037037037037
0 0.21876262626262624 0.4648148148148148 0.15603535353535353 0.27814814814814814
0 0.9145707070707071 0.696962962962963 0.17085858585858585 0.33296296296296296
0 0.7443434343434343 0.7436296296296296 0.17553030303030304 0.35085185185185186
0 0.5711363636363636 0.7509259259259259 0.16565656565656564 0.34622222222222226
0 0.13184343434343435 0.752 0.11063131313131314 0.303
0 0.40065656565656566 0.7764074074074074 0.16752525252525252 0.34977777777777774
0 0.2496969696969697 0.7932222222222222 0.1578787878787879 0.37407407407407406