1 0.718939393939394 0.638324607329843 0.16553030303030303 0.28790575916230365
1 0.8986363636363637 0.6475916230366492 0.20272727272727273 0.3326178010471204
0 0.26765151515151514 0.6497382198952879 0.15602272727272726 0.30476439790575915
0 0.10401515151515152 0.65 0.1749621212121212 0.32057591623036646
0 0.4172348484848485 0.6509424083769634 0.14791666666666667 0.28083769633507855
0 0.5667424242424243 0.6548167539267016 0.14178030303030303 0.2868062827225131
0 0.7976136363636364 0.3243455497382199 0.16450757575757577 0.15104712041884819
0 0.3490151515151515 0.3310994764397906 0.20515151515151514 0.153717277486911
0 0.15928030303030302 0.3470680628272252 0.15386363636363634 0.12020942408376964
0 0.5909848484848486 0.37078534031413607 0.21606060606060606 0.26230366492146595
0 0.9385227272727273 0.37539267015706806 0.12291666666666667 0.3172774869109948
1 0.041666666666666664 0.43225130890052355 0.08333333333333333 0.2623560209424084