0 0.39308 0.3523238380809595 0.25976 0.4497751124437781
0 0.19590000000000002 0.378095952023988 0.20339 0.3588905547226387
0 0.60222 0.3823088455772114 0.22649 0.40104947526236884
0 0.06781000000000001 0.39401799100449775 0.13562000000000002 0.4713343328335832
0 0.78228 0.4525937031484258 0.21887 0.3691904047976012
0 0.92804 0.4947526236881559 0.14391 0.4235382308845577
0 0.17964 0.79976011994003 0.14336000000000002 0.2576911544227886
0 0.31094 0.8672263868065968 0.17595 0.2351874062968516
0 0.44848000000000005 0.8766866566716641 0.15854 0.24662668665667167
0 0.59072 0.8776311844077961 0.17301 0.24475262368815592
1 0.7292000000000001 0.8944977511244377 0.16247 0.21101949025487257
1 0.84329 0.8995502248875562 0.12066 0.19865067466266867