0 0.6334782608695652 0.6930769230769231 0.0004968944099378882 0.002692307692307692
0 0.4055900621118012 0.45717948717948714 0.10440993788819874 0.12423076923076923
0 0.3079192546583851 0.49025641025641026 0.08571428571428572 0.1742948717948718
0 0.5351552795031056 0.4926923076923077 0.11627329192546583 0.21083333333333334
0 0.6567391304347826 0.4960897435897436 0.07059006211180124 0.1823076923076923
0 0.22645962732919256 0.5209615384615385 0.10798136645962735 0.21275641025641023
0 0.739472049689441 0.5234615384615384 0.09850931677018633 0.2103846153846154
0 0.16080745341614908 0.5440384615384616 0.07440993788819876 0.15948717948717947
0 0.3605900621118012 0.5808974358974359 0.07596273291925466 0.1632051282051282
0 0.2841304347826087 0.5882051282051283 0.0696583850931677 0.13423076923076924
0 0.4317080745341615 0.5884615384615385 0.0672360248447205 0.1498076923076923
0 0.5943788819875776 0.6026923076923076 0.04521739130434783 0.12942307692307692
0 0.5074534161490684 0.6078205128205127 0.078944099378882 0.1291025641025641
0 0.6783540372670808 0.6266025641025641 0.07322981366459627 0.11820512820512821