0 0.8604843750000001 0.4144210526315789 0.14154687500000002 0.21468421052631578
0 0.23034374999999999 0.4181578947368421 0.10425 0.17044736842105263
0 0.041671875000000004 0.4246578947368421 0.083359375 0.17044736842105263
0 0.11328125 0.4270263157894737 0.146796875 0.19939473684210526
0 0.73675 0.434921052631579 0.11740625 0.19081578947368422
0 0.370953125 0.46463157894736845 0.124265625 0.23002631578947366
0 0.549125 0.46621052631578946 0.14681249999999998 0.22189473684210526
0 0.8608125 0.5224736842105263 0.09964062500000001 0.13926315789473684
0 0.650875 0.5242894736842105 0.08840624999999999 0.19531578947368422
0 0.31528125 0.5252105263157895 0.0870625 0.21410526315789474
0 0.20634375 0.540578947368421 0.09709375 0.1804473684210526
0 0.78221875 0.5449473684210526 0.113234375 0.13976315789473684
0 0.42653125000000003 0.5542894736842106 0.095453125 0.18126315789473682
0 0.532609375 0.5579473684210526 0.113078125 0.15660526315789472