1 0.8442007434944238 0.7323529411764705 0.13639405204460966 0.2645989304812834
1 0.5991449814126394 0.7335294117647058 0.11513011152416357 0.21433155080213903
1 0.7197026022304832 0.7345989304812834 0.12007434944237917 0.24106951871657753
1 0.4784014869888476 0.7378609625668449 0.1255390334572491 0.226524064171123
1 0.9390334572490706 0.7423529411764705 0.09888475836431228 0.1799465240641711
1 0.35962825278810406 0.7514438502673797 0.12200743494423792 0.23288770053475935
1 0.1304832713754647 0.7617112299465241 0.11988847583643122 0.17304812834224598
1 0.23973977695167284 0.7667379679144385 0.11695167286245353 0.2514438502673797
1 0.06814126394052043 0.7834224598930482 0.13628252788104087 0.20171122994652405
0 0.6284014869888476 0.3512299465240642 0.1737546468401487 0.20310160427807486
0 0.7724907063197026 0.3593048128342246 0.10973977695167286 0.21588235294117647
0 0.43565055762081784 0.37433155080213903 0.1812639405204461 0.2011229946524064
0 0.28973977695167286 0.40411764705882347 0.12810408921933086 0.20224598930481283
1 0.8849814126394052 0.42122994652406415 0.1404460966542751 0.2592513368983957
1 0.9653159851301116 0.4490374331550802 0.06940520446096655 0.19433155080213907
1 0.1721933085501859 0.46711229946524063 0.1470260223048327 0.23288770053475935
1 0.08197026022304833 0.5119786096256684 0.1154275092936803 0.17080213903743316