0 0.8246376811594203 0.6987671232876712 0.08808695652173913 0.30753424657534245
0 0.7258260869565217 0.709931506849315 0.11657971014492753 0.3815753424657534
0 0.4239420289855072 0.7182876712328767 0.09240579710144928 0.4488356164383562
0 0.6146086956521739 0.7218493150684931 0.10617391304347827 0.48486301369863016
0 0.5108985507246376 0.7308904109589041 0.11684057971014493 0.46321917808219176
0 0.2515652173913044 0.2297945205479452 0.07695652173913044 0.33342465753424655
0 0.15628985507246376 0.23267123287671232 0.1167536231884058 0.2588356164383562
0 0.10284057971014492 0.273972602739726 0.10139130434782608 0.3136301369863014
0 0.3395942028985507 0.276027397260274 0.1176231884057971 0.4077397260273973
0 0.46104347826086955 0.3080821917808219 0.1466086956521739 0.4008219178082192
0 0.7311884057971014 0.32801369863013696 0.10657971014492755 0.29561643835616436
0 0.600927536231884 0.33150684931506846 0.1456231884057971 0.34630136986301374
0 0.8219710144927536 0.365 0.07910144927536232 0.22527397260273974
0 0.8983188405797102 0.40643835616438356 0.07985507246376812 0.26136986301369863
0 0.950231884057971 0.41698630136986303 0.066 0.2516438356164384
0 0.06585507246376811 0.5677397260273973 0.1143768115942029 0.25232876712328767
0 0.24356521739130435 0.5876027397260274 0.0929855072463768 0.4145890410958904
0 0.1486086956521739 0.6443835616438356 0.09234782608695652 0.4415753424657534
0 0.3364057971014493 0.6504794520547945 0.0941159420289855 0.3419178082191781