0 0.6076190476190476 0.5580540540540541 0.09186813186813186 0.11978378378378378
0 0.23641025641025643 0.5777837837837838 0.07216117216117215 0.11832432432432433
0 0.7278754578754579 0.6405945945945947 0.07498168498168498 0.13
0 0.22256410256410256 0.6705405405405406 0.07611721611721613 0.1227027027027027
0 0.7976923076923077 0.6851891891891893 0.04428571428571428 0.0905945945945946
0 0.8486446886446887 0.7238918918918918 0.03142857142857143 0.05989189189189189
1 0.2704029304029304 0.7530810810810811 0.06952380952380953 0.13881081081081081
1 0.34084249084249085 0.7648108108108108 0.05926739926739927 0.12124324324324325
1 0.4224908424908425 0.7815675675675676 0.0621978021978022 0.13735135135135135
1 0.5883150183150183 0.7910810810810811 0.08296703296703296 0.1154054054054054
0 0.8625274725274725 0.7925405405405406 0.03736263736263736 0.05113513513513514
1 0.5002197802197802 0.7939999999999999 0.06714285714285714 0.11832432432432433
0 0.6927472527472528 0.7983783783783783 0.08391941391941392 0.11248648648648647
0 0.7946886446886446 0.8122702702702703 0.09578754578754578 0.08767567567567566
0 0.2943223443223443 0.5083783783783784 0.06915750915750915 0.10810810810810811
0 0.3873626373626374 0.5186486486486487 0.09882783882783883 0.11686486486486487
0 0.49970695970695966 0.5303243243243243 0.11959706959706959 0.12854054054054054