0 0.4157044673539519 0.5931791907514451 0.11137457044673538 0.08104046242774567
0 0.8621305841924398 0.41953757225433524 0.12986254295532645 0.2346820809248555
0 0.23821305841924395 0.42260115606936416 0.1309278350515464 0.18531791907514453
0 0.7375601374570446 0.4312138728323699 0.11515463917525773 0.1960115606936416
1 0.11573883161512027 0.4376300578034682 0.15123711340206186 0.20647398843930634
0 0.37175257731958766 0.4628323699421965 0.12601374570446736 0.20618497109826592
0 0.5520274914089347 0.4648554913294798 0.15494845360824744 0.22763005780346823
0 0.31288659793814433 0.5282658959537573 0.090446735395189 0.20190751445086705
0 0.6590034364261169 0.5323699421965318 0.08553264604810996 0.17127167630057802
0 0.20505154639175258 0.5449132947976878 0.0920618556701031 0.17289017341040464
0 0.5297938144329897 0.5593641618497109 0.12553264604810996 0.1506936416184971