0 0.9477086383601756 0.4032291666666667 0.10457540263543191 0.34541666666666665
1 0.7845680819912152 0.4176432291666667 0.2241800878477306 0.4741536458333333
0 0.525402635431918 0.4188541666666667 0.2280380673499268 0.5034114583333333
0 0.14892386530014642 0.42785156249999995 0.2076354319180088 0.4311848958333333
0 0.33199121522694 0.42807291666666664 0.16920204978038067 0.37343750000000003
0 0.031325036603221085 0.5235677083333333 0.06265007320644217 0.24847656250000003
1 0.6169399707174231 0.6342317708333333 0.11695461200585651 0.3808463541666667
1 0.8778257686676427 0.6683854166666667 0.10421669106881407 0.230859375
0 0.9666983894582724 0.689765625 0.06660322108345534 0.25320312500000003
1 0.050007320644216695 0.6915234375 0.1000073206442167 0.31225260416666667
1 0.464619326500732 0.7150390624999999 0.1414714494875549 0.2677734375
1 0.7410029282576867 0.7233072916666666 0.1328550512445095 0.2373828125
1 0.16412152269399707 0.7353515625 0.14166910688140558 0.3166015625
1 0.31027086383601754 0.7421875 0.15489019033674964 0.3758333333333333