0 0.40563461538461537 0.43360714285714286 0.09117307692307691 0.202
0 0.21061538461538462 0.4350357142857143 0.09761538461538462 0.21410714285714286
0 0.14265384615384616 0.4444642857142857 0.0635576923076923 0.1460357142857143
0 0.5159423076923078 0.4622857142857143 0.10292307692307692 0.19392857142857142
0 0.30553846153846154 0.4623571428571429 0.08692307692307692 0.12314285714285714
0 0.6194615384615385 0.4693571428571428 0.08407692307692308 0.17857142857142858
0 0.08951923076923077 0.47557142857142853 0.05723076923076923 0.1654642857142857
0 0.7867884615384615 0.4924642857142857 0.06484615384615385 0.15182142857142855
0 0.71175 0.4969285714285714 0.08425 0.19367857142857142
0 0.8322884615384616 0.5107499999999999 0.05365384615384615 0.13542857142857143
0 0.2788076923076923 0.6976071428571429 0.06990384615384615 0.20746428571428574
0 0.13434615384615384 0.6988571428571428 0.08632692307692308 0.14225
1 0.35773076923076924 0.7008571428571428 0.08151923076923077 0.20925000000000002
1 0.4482884615384616 0.7014285714285714 0.06217307692307692 0.18
0 0.21048076923076925 0.7024642857142857 0.06557692307692307 0.16492857142857142
1 0.5151923076923076 0.7157142857142857 0.07446153846153845 0.19714285714285715
1 0.5890384615384615 0.7192857142857143 0.08367307692307692 0.20142857142857143
0 0.665076923076923 0.7225714285714285 0.07238461538461538 0.19032142857142856
0 0.7957115384615384 0.7340357142857142 0.08319230769230769 0.17460714285714285
0 0.7262307692307692 0.7571428571428571 0.06532692307692307 0.17560714285714285