0 0.2260701754385965 0.6638418079096046 0.12010526315789473 0.18435028248587573
0 0.7936140350877193 0.6674011299435028 0.11094736842105264 0.1935593220338983
1 0.28392982456140353 0.7761016949152543 0.084 0.14604519774011301
1 0.7352982456140351 0.792542372881356 0.1027719298245614 0.1768361581920904
1 0.3522456140350877 0.8622033898305086 0.08235087719298245 0.11067796610169492
1 0.6651578947368421 0.8631638418079096 0.08435087719298245 0.14440677966101695
1 0.45326315789473687 0.8893220338983051 0.11284210526315788 0.1715819209039548
1 0.5738245614035088 0.8919209039548023 0.1200701754385965 0.1684180790960452
0 0.8745263157894737 0.1970056497175141 0.19280701754385965 0.31451977401129944
0 0.11982456140350876 0.2113559322033898 0.20491228070175438 0.31807909604519774
0 0.1732982456140351 0.47711864406779664 0.16842105263157894 0.2762146892655367
0 0.8326666666666667 0.481412429378531 0.1631578947368421 0.2705649717514124