0 0.031363636363636364 0.6307329842931937 0.06272727272727273 0.1643455497382199
0 0.27147727272727273 0.6529319371727749 0.15878787878787878 0.24942408376963351
0 0.10356060606060606 0.6578010471204189 0.18352272727272728 0.29623036649214657
1 0.5926136363636363 0.6781151832460733 0.16431818181818184 0.25837696335078536
1 0.9239772727272727 0.6801047120418848 0.15204545454545454 0.33340314136125654
1 0.764280303030303 0.6818848167539268 0.16325757575757577 0.2830890052356021
1 0.4331060606060606 0.6819895287958114 0.15053030303030304 0.2743455497382199
1 0.8418939393939393 0.3827748691099476 0.17333333333333334 0.30371727748691096
0 0.6349242424242424 0.39780104712041886 0.21806818181818183 0.28895287958115184
1 0.17863636363636362 0.3979581151832461 0.16458333333333333 0.2500523560209424
0 0.3788257575757576 0.3987958115183246 0.22030303030303028 0.29895287958115185
1 0.043522727272727275 0.4252356020942408 0.08704545454545455 0.2542931937172775
1 0.9710227272727273 0.458324607329843 0.05795454545454546 0.16680628272251308