1 0.4240133779264214 0.6017857142857143 0.02351170568561873 0.07982142857142857
1 0.6662541806020067 0.6032142857142857 0.0528428093645485 0.07982142857142857
1 0.7103678929765886 0.6212500000000001 0.03324414715719064 0.037976190476190476
1 0.3995317725752508 0.6220833333333333 0.021906354515050165 0.04791666666666667
0 0.48558528428093645 0.46166666666666667 0.05070234113712375 0.06970238095238096
0 0.5377926421404683 0.4689285714285714 0.06020066889632107 0.09291666666666666
0 0.5818060200668896 0.47982142857142857 0.05692307692307692 0.07982142857142857
0 0.44561872909699 0.4885119047619047 0.030869565217391304 0.07113095238095238
1 0.6434113712374582 0.48999999999999994 0.05448160535117057 0.10886904761904762
1 0.40117056856187294 0.5168452380952381 0.04963210702341137 0.11035714285714285
0 0.7249498327759197 0.5488095238095239 0.08381270903010032 0.10452380952380952
1 0.48789297658862874 0.5705357142857143 0.037090301003344484 0.08142857142857143
1 0.5627759197324415 0.5722619047619047 0.051739130434782614 0.07779761904761905
1 0.5222073578595318 0.574047619047619 0.029096989966555183 0.08011904761904762
1 0.45130434782608697 0.5829166666666667 0.02923076923076923 0.0943452380952381
1 0.6144481605351171 0.5836309523809524 0.04749163879598662 0.08708333333333333