1 0.8043835616438356 0.6111046511627907 0.11417808219178083 0.22645348837209303
1 0.6857191780821917 0.6136046511627907 0.11551369863013698 0.20691860465116282
1 0.9604109589041095 0.6143604651162791 0.07914383561643835 0.10436046511627907
1 0.5776369863013698 0.6261046511627907 0.11284246575342467 0.2549418604651163
1 0.9053767123287672 0.6546511627906977 0.11657534246575342 0.21581395348837207
1 0.3482191780821918 0.6578488372093023 0.11859589041095892 0.2255232558139535
1 0.2308904109589041 0.6687790697674418 0.11746575342465752 0.21604651162790695
1 0.4669520547945205 0.6697093023255813 0.1181849315068493 0.2526744186046512
1 0.025376712328767124 0.6952906976744186 0.05075342465753425 0.12517441860465117
0 0.11499999999999999 0.7310465116279069 0.13722602739726028 0.21040697674418604
0 0.7640753424657535 0.46453488372093027 0.143013698630137 0.1777906976744186
1 0.870513698630137 0.4890697674418605 0.10287671232876712 0.18930232558139537
0 0.6080479452054794 0.49779069767441864 0.1609931506849315 0.2336046511627907
0 0.9536301369863013 0.49941860465116283 0.09270547945205479 0.13872093023255813
0 0.29554794520547945 0.5017441860465116 0.1267123287671233 0.16627906976744186
0 0.44294520547945204 0.513139534883721 0.15863013698630138 0.21412790697674416
1 0.15496575342465754 0.5598255813953489 0.1388013698630137 0.2099418604651163
0 0.05191780821917808 0.5776162790697674 0.10383561643835616 0.15866279069767442