0 0.40949090909090907 0.5469945355191257 0.0868 0.17868852459016396
0 0.32741818181818183 0.5719672131147541 0.08861818181818182 0.2110928961748634
0 0.24701818181818183 0.6230601092896174 0.09654545454545455 0.29568306010928963
0 0.17930909090909092 0.6327322404371585 0.06312727272727273 0.30721311475409835
0 0.8746181818181819 0.26852459016393443 0.0634909090909091 0.09540983606557378
0 0.6304727272727273 0.3378142076502732 0.09294545454545454 0.17278688524590163
0 0.8088 0.34918032786885245 0.07003636363636365 0.20928961748633879
0 0.5185090909090909 0.3502732240437158 0.12072727272727274 0.19005464480874318
1 0.36010909090909093 0.36027322404371587 0.1479272727272727 0.2398360655737705
0 0.7352727272727272 0.3681967213114754 0.08512727272727273 0.24333333333333335
0 0.2269090909090909 0.3746448087431694 0.11483636363636363 0.23759562841530052
0 0.1338909090909091 0.4020218579234972 0.09894545454545454 0.22387978142076503
0 0.666109090909091 0.5089071038251366 0.09654545454545455 0.20404371584699454
0 0.5764727272727272 0.5150819672131148 0.08796363636363637 0.18650273224043717
0 0.4879636363636364 0.5406010928961749 0.07665454545454545 0.1815846994535519