0 0.7025482625482625 0.05412371134020619 0.18895752895752896 0.10164948453608247
0 0.6953667953667954 0.18298969072164947 0.16328185328185327 0.15922680412371135
0 0.6675289575289575 0.24701030927835052 0.14359073359073357 0.1311340206185567
0 0.6909266409266409 0.33572164948453603 0.0983011583011583 0.15690721649484538
0 0.06501930501930502 0.375360824742268 0.07239382239382239 0.1581958762886598
0 0.6368725868725869 0.4043298969072165 0.09579150579150579 0.1749484536082474
1 0.12413127413127413 0.41546391752577316 0.08826254826254826 0.16407216494845359
0 0.5614285714285714 0.43041237113402064 0.09644787644787645 0.19628865979381444
0 0.21034749034749034 0.4543814432989691 0.09474903474903475 0.17701030927835054
0 0.4846718146718147 0.45582474226804126 0.10023166023166023 0.1884536082474227
0 0.3914285714285714 0.4747422680412371 0.08362934362934363 0.19360824742268043
0 0.30254826254826256 0.4929381443298969 0.09478764478764479 0.1906701030927835