0 0.9495636363636364 0.5966666666666667 0.1009090909090909 0.15267759562841532
0 0.872109090909091 0.6956284153005464 0.12036363636363637 0.2536065573770492
0 0.0416 0.706775956284153 0.0832 0.24349726775956285
0 0.9569454545454547 0.7125136612021857 0.08610909090909091 0.11950819672131148
0 0.08814545454545454 0.7246994535519126 0.0916 0.21759562841530056
0 0.8065454545454546 0.7267213114754099 0.12261818181818182 0.2885245901639344
1 0.6128363636363636 0.7385792349726775 0.10665454545454545 0.306448087431694
1 0.4037818181818182 0.7414754098360655 0.10174545454545454 0.29010928961748633
1 0.7301454545454545 0.7414754098360655 0.12472727272727271 0.35633879781420763
1 0.5086181818181819 0.7468306010928961 0.11021818181818181 0.286448087431694
0 0.13698181818181818 0.7557377049180328 0.09367272727272728 0.25218579234972677
0 0.20476363636363637 0.763879781420765 0.1032 0.3342622950819672
1 0.30516363636363636 0.7762841530054645 0.1045090909090909 0.30628415300546447
0 0.5629454545454545 0.3247540983606557 0.16472727272727272 0.3830601092896175
0 0.3906181818181818 0.34120218579234973 0.17174545454545453 0.3672131147540984
0 0.6997454545454546 0.3494535519125683 0.11981818181818182 0.2719125683060109
0 0.9637818181818183 0.35562841530054645 0.07247272727272727 0.27377049180327867
0 0.8158181818181818 0.3585245901639344 0.1178909090909091 0.32721311475409837
0 0.8950181818181818 0.36896174863387976 0.07567272727272727 0.31081967213114753
0 0.24981818181818183 0.38081967213114754 0.11618181818181818 0.24885245901639344
0 0.1439272727272727 0.3954098360655738 0.12567272727272727 0.30666666666666664
0 0.07956363636363636 0.416120218579235 0.08163636363636363 0.2588524590163934
0 0.03418181818181818 0.42360655737704916 0.05836363636363637 0.24639344262295085