0 0.6283754512635379 0.6174175824175825 0.15902527075812273 0.22258241758241756
0 0.8296028880866426 0.6273076923076923 0.22700361010830325 0.1634065934065934
0 0.47003610108303245 0.6571978021978022 0.15277978339350182 0.2732967032967033
1 0.09577617328519857 0.6643956043956044 0.03126353790613719 0.1634065934065934
0 0.3313357400722022 0.6658241758241759 0.12241877256317689 0.2212087912087912
1 0.22545126353790615 0.6673076923076923 0.08729241877256318 0.19521978021978023
0 0.14613718411552346 0.6694505494505495 0.06545126353790613 0.19373626373626374
0 0.21194945848375452 0.4004945054945055 0.1439350180505415 0.3354395604395604
0 0.5203971119133575 0.4106593406593406 0.1584476534296029 0.3152197802197802
0 0.08545126353790615 0.4175824175824176 0.10371841155234657 0.2813736263736264
0 0.35462093862815885 0.42148351648351645 0.15566787003610108 0.2877472527472527
0 0.6799638989169675 0.4684615384615385 0.13942238267148013 0.1908791208791209
0 0.8603249097472925 0.4728021978021978 0.21444043321299638 0.17274725274725275