1 0.6894909090909092 0.5595081967213115 0.043236363636363635 0.06316939890710382
1 0.3632727272727273 0.5644808743169398 0.061381818181818176 0.0966120218579235
1 0.6606909090909091 0.5710382513661202 0.04287272727272727 0.11349726775956284
0 0.42087272727272723 0.5762295081967214 0.06487272727272728 0.10316939890710382
1 0.48803636363636366 0.5918579234972677 0.0713090909090909 0.08109289617486339
1 0.6053818181818181 0.5961748633879781 0.07218181818181818 0.10021857923497268
1 0.5474545454545455 0.6103825136612022 0.0645090909090909 0.08683060109289618
0 0.23694545454545454 0.4836612021857924 0.03970909090909091 0.0592896174863388
0 0.28403636363636364 0.492568306010929 0.05545454545454546 0.07644808743169398
0 0.6768000000000001 0.4976502732240437 0.062109090909090905 0.09245901639344263
0 0.3529090909090909 0.4997814207650273 0.05498181818181818 0.10573770491803279
0 0.6090545454545455 0.5031693989071038 0.08258181818181819 0.0898360655737705
0 0.7202181818181819 0.5034972677595628 0.049745454545454544 0.08196721311475409
0 0.4280363636363636 0.5163934426229508 0.08781818181818181 0.11049180327868852
0 0.26439999999999997 0.5317486338797814 0.04210909090909091 0.0585792349726776
0 0.5290545454545454 0.5420218579234972 0.10741818181818182 0.13437158469945354
1 0.3144727272727273 0.5433879781420765 0.055672727272727277 0.08885245901639345