0 0.6021454545454545 0.4141530054644809 0.04996363636363636 0.06038251366120219
0 0.5528727272727273 0.4170491803278688 0.05625454545454546 0.1063934426229508
0 0.42563636363636365 0.4184699453551913 0.037163636363636364 0.07475409836065573
0 0.48301818181818185 0.4198907103825137 0.05629090909090909 0.0833879781420765
0 0.6380363636363636 0.4227868852459017 0.05472727272727273 0.0833879781420765
0 0.36916363636363636 0.45371584699453554 0.054400000000000004 0.1308743169398907
1 0.5796727272727272 0.49038251366120217 0.033309090909090906 0.10065573770491804
1 0.6222545454545455 0.49251366120218576 0.04189090909090909 0.08196721311475409
1 0.5399636363636364 0.5104918032786885 0.03810909090909091 0.09202185792349726
1 0.4017090909090909 0.5148087431693988 0.050545454545454546 0.11792349726775955
1 0.45574545454545456 0.5148087431693988 0.040036363636363634 0.11502732240437159
1 0.5040727272727273 0.5155191256830601 0.04098181818181818 0.09349726775956284
1 0.34883636363636367 0.5342622950819672 0.036000000000000004 0.05639344262295082