0 0.09567901234567901 0.5381730769230769 0.12102880658436214 0.15557692307692308
0 0.20847736625514401 0.5503846153846154 0.15621399176954734 0.20625
0 0.34576131687242795 0.5703846153846154 0.11703703703703704 0.22288461538461538
0 0.4741975308641975 0.5871153846153846 0.12448559670781893 0.2010576923076923
0 0.6026337448559671 0.5936538461538462 0.11695473251028807 0.19086538461538463
0 0.7291769547325103 0.6016826923076923 0.12065843621399178 0.2098076923076923
0 0.9249794238683128 0.6060576923076924 0.09567901234567901 0.1835576923076923
0 0.8413991769547325 0.6075 0.0957201646090535 0.2010576923076923
0 0.5166666666666666 0.3540384615384615 0.22444444444444445 0.2830769230769231
0 0.302962962962963 0.3708653846153846 0.13823045267489714 0.1933173076923077
0 0.7423456790123456 0.37370192307692307 0.23860082304526747 0.27245192307692306
0 0.9087654320987655 0.38182692307692306 0.10567901234567902 0.2870192307692308