0 0.9737969924812029 0.5740740740740741 0.052406015037593984 0.09126984126984126
0 0.9121052631578948 0.5941798941798941 0.1 0.12333333333333332
0 0.09109022556390978 0.5966666666666667 0.08315789473684211 0.11407407407407406
0 0.8224812030075188 0.6126984126984126 0.08522556390977444 0.1538095238095238
0 0.13785714285714287 0.622910052910053 0.082406015037594 0.10878306878306877
0 0.2006015037593985 0.6635449735449735 0.0975563909774436 0.20703703703703705
0 0.7234962406015037 0.6705820105820105 0.11657894736842106 0.18634920634920635
1 0.6213909774436089 0.6798412698412699 0.10078947368421053 0.16703703703703704
1 0.30086466165413533 0.6887830687830688 0.09879699248120301 0.1867195767195767
1 0.40323308270676694 0.6893650793650793 0.09665413533834587 0.15492063492063493
1 0.5119172932330827 0.7021693121693122 0.10879699248120302 0.1460846560846561
0 0.16026315789473686 0.44724867724867723 0.09112781954887217 0.27730158730158727
0 0.7900751879699248 0.44835978835978835 0.11526315789473685 0.26820105820105816
0 0.0406015037593985 0.4508994708994709 0.048984962406015034 0.12613756613756613
0 0.9584586466165413 0.47174603174603175 0.06845864661654136 0.13936507936507936
1 0.5351879699248121 0.47343915343915344 0.15695488721804512 0.2886243386243386
1 0.37048872180451126 0.4747619047619048 0.15800751879699249 0.2887301587301587
0 0.6781203007518797 0.4752380952380952 0.1319172932330827 0.24476190476190476
0 0.09169172932330827 0.4752380952380952 0.06334586466165414 0.13111111111111112
0 0.8865413533834586 0.4808465608465608 0.09383458646616542 0.1573015873015873
0 0.25511278195488724 0.4843915343915344 0.10289473684210526 0.21629629629629632