1 0.4574333333333333 0.6523214285714286 0.11266666666666665 0.34654761904761905
1 0.7216666666666667 0.7258928571428571 0.12126666666666668 0.25047619047619046
1 0.30733333333333335 0.7463690476190477 0.13606666666666667 0.18416666666666667
1 0.04473333333333333 0.7473809523809524 0.08943333333333332 0.3022619047619048
1 0.5906666666666667 0.7589285714285714 0.11766666666666666 0.16285714285714287
0 0.8378333333333333 0.7601190476190476 0.1023 0.3698214285714286
0 0.9469666666666666 0.7609523809523809 0.10606666666666667 0.3492857142857143
1 0.16243333333333332 0.7667261904761905 0.15143333333333334 0.30220238095238094
0 0.35963333333333336 0.4448809523809524 0.22883333333333336 0.48357142857142854
1 0.6219333333333333 0.4507738095238095 0.22216666666666668 0.4654761904761905
0 0.17020000000000002 0.4538095238095238 0.1542 0.3632142857142857
0 0.9397333333333334 0.4554761904761905 0.12053333333333333 0.4917261904761905
0 0.04426666666666666 0.4623214285714286 0.08856666666666667 0.37976190476190474
0 0.8016666666666666 0.4672023809523809 0.13946666666666668 0.3288690476190476