0 0.020114942528735632 0.05740932642487047 0.040229885057471264 0.11481865284974094
0 0.92 0.060259067357512956 0.06199233716475096 0.12051813471502591
0 0.06896551724137931 0.06606217616580311 0.07873563218390806 0.13212435233160622
0 0.8420306513409962 0.06922279792746114 0.10030651340996169 0.13844559585492228
1 0.031379310344827584 0.7009326424870467 0.06275862068965517 0.191139896373057
1 0.9737547892720306 0.7158549222797927 0.05249042145593869 0.20642487046632127
1 0.12544061302681994 0.7195854922279793 0.12524904214559385 0.22461139896373059
0 0.16291187739463603 0.07326424870466322 0.11475095785440613 0.14652849740932644
0 0.73272030651341 0.07430051813471503 0.11984674329501917 0.11544041450777202
0 0.5906130268199234 0.07512953367875648 0.13375478927203063 0.09487046632124352
1 0.8933333333333333 0.7276165803108808 0.11371647509578545 0.22181347150259068
1 0.2568582375478927 0.7308290155440416 0.1306513409961686 0.1961139896373057
1 0.7702681992337165 0.7384455958549223 0.13655172413793104 0.19870466321243524
1 0.4236015325670498 0.7427461139896373 0.18551724137931036 0.22409326424870465
1 0.6124904214559388 0.7439896373056994 0.17513409961685825 0.2282383419689119
0 0.26022988505747124 0.07911917098445595 0.11095785440613028 0.09357512953367875
1 0.03306513409961686 0.8582383419689118 0.06609195402298851 0.12818652849740933
1 0.9547509578544061 0.871139896373057 0.058659003831417623 0.12481865284974093
1 0.10980842911877395 0.8742487046632124 0.09057471264367817 0.11844559585492227
0 0.4157854406130268 0.09072538860103628 0.15605363984674328 0.1510362694300518
1 0.34727969348659005 0.8925906735751296 0.11773946360153256 0.14803108808290155
1 0.8929501915708812 0.8950259067357513 0.06724137931034484 0.11020725388601037
1 0.21904214559386972 0.8951295336787565 0.12984674329501916 0.16176165803108808
1 0.8029501915708812 0.9025906735751295 0.10739463601532567 0.14507772020725387
1 0.574904214559387 0.9090155440414508 0.09321839080459769 0.11953367875647669
1 0.4657471264367816 0.9095336787564766 0.09620689655172414 0.11927461139896373
1 0.6872030651340997 0.9096373056994819 0.11088122605363986 0.1278756476683938
0 0.9164750957854406 0.23518134715025907 0.1425287356321839 0.12357512953367876
0 0.0831800766283525 0.25015544041450777 0.15835249042145594 0.12875647668393783
0 0.8573946360153257 0.3145077720207254 0.08923371647509579 0.10145077720207253
0 0.127816091954023 0.31642487046632123 0.10252873563218391 0.11471502590673575
0 0.18524904214559387 0.3439896373056995 0.09256704980842911 0.15186528497409327
0 0.7702298850574713 0.3530569948186528 0.09804597701149426 0.15746113989637306
0 0.6669731800766284 0.3545077720207254 0.10735632183908046 0.13585492227979273
0 0.2726436781609195 0.37119170984455957 0.09980842911877395 0.17005181347150258
0 0.5675095785440614 0.373160621761658 0.09406130268199234 0.10145077720207253
0 0.4724137931034483 0.3745077720207254 0.09245210727969348 0.1255958549222798
0 0.3722605363984674 0.3760621761658031 0.10111111111111111 0.14025906735751295
0 0.9679693486590037 0.051761658031088086 0.06406130268199234 0.10352331606217617