0 0.3410108303249097 0.40906593406593406 0.0695667870036101 0.10664835164835165
0 0.2742599277978339 0.4151098901098901 0.06631768953068592 0.0906043956043956
0 0.42552346570397115 0.425 0.09371841155234657 0.1306043956043956
0 0.5355595667870036 0.4260989010989011 0.09595667870036101 0.1296153846153846
0 0.6278339350180505 0.4328021978021978 0.07292418772563176 0.08736263736263737
0 0.21675090252707582 0.442967032967033 0.03725631768953069 0.08021978021978021
0 0.706028880866426 0.4452197802197802 0.07346570397111914 0.08021978021978021
0 0.7804693140794223 0.45719780219780215 0.061949458483754515 0.07065934065934065
0 0.3129241877256318 0.47884615384615387 0.06487364620938628 0.13807692307692307
0 0.25003610108303254 0.48868131868131864 0.05913357400722021 0.12115384615384615
0 0.3776173285198556 0.49565934065934064 0.06444043321299639 0.10961538461538461
0 0.7396389891696751 0.49664835164835164 0.08906137184115524 0.11873626373626374
1 0.6637906137184115 0.49846153846153846 0.07620938628158845 0.156978021978022
1 0.5180505415162455 0.5066483516483516 0.06776173285198556 0.11917582417582419
1 0.5942238267148015 0.5098901098901099 0.0640072202166065 0.11186813186813187
0 0.4402888086642599 0.5184065934065933 0.0671841155234657 0.07725274725274725