0 0.11493150684931508 0.5900578034682081 0.09599315068493151 0.19109826589595377
0 0.8886986301369864 0.620578034682081 0.09486301369863014 0.17502890173410404
0 0.44636986301369863 0.641907514450867 0.11390410958904108 0.21260115606936417
0 0.21369863013698628 0.6457803468208092 0.1208904109589041 0.24213872832369943
0 0.6856506849315068 0.648092485549133 0.11297945205479452 0.29023121387283235
0 0.3313356164383562 0.6486705202312139 0.11212328767123288 0.2761849710982659
0 0.5633904109589041 0.6563005780346821 0.12150684931506849 0.206242774566474
0 0.7997602739726027 0.6623121387283237 0.11866438356164383 0.26815028901734106
0 0.39883561643835613 0.3645086705202312 0.18246575342465754 0.35965317919075146
0 0.23904109589041095 0.3773410404624278 0.13116438356164384 0.2922543352601156
0 0.5857534246575342 0.3805202312138728 0.1833904109589041 0.34358381502890173
0 0.12065068493150684 0.38774566473988437 0.1035958904109589 0.2553179190751445
0 0.01791095890410959 0.39341040462427745 0.027534246575342463 0.163757225433526
0 0.8763356164383561 0.39739884393063585 0.11386986301369863 0.2873988439306358
0 0.05023972602739726 0.39982658959537576 0.05226027397260274 0.18624277456647398
0 0.7479452054794521 0.40300578034682083 0.13102739726027396 0.26976878612716765
0 0.9643493150684931 0.41184971098265893 0.05393835616438356 0.22317919075144507
0 0.041643835616438356 0.5577456647398844 0.06928082191780822 0.13895953757225432
0 0.9548287671232877 0.5635838150289018 0.05965753424657535 0.1123699421965318