0 0.8707636363636364 0.6130054644808743 0.1774181818181818 0.2069398907103825
0 0.10469090909090908 0.67 0.20752727272727273 0.15879781420765027
0 0.08825454545454545 0.7327868852459016 0.1765090909090909 0.15622950819672132
0 0.9077818181818181 0.7743169398907103 0.1809090909090909 0.18437158469945356
0 0.958690909090909 0.9039890710382514 0.08265454545454545 0.19202185792349727
0 0.4309090909090909 0.27775956284153 0.13821818181818182 0.12306010928961748
0 0.5889090909090908 0.2819672131147541 0.14407272727272727 0.14775956284153005
0 0.3010181818181818 0.34759562841530056 0.10738181818181819 0.1359016393442623
0 0.7214545454545455 0.3613661202185792 0.10654545454545455 0.1724590163934426
0 0.18425454545454545 0.42868852459016393 0.134 0.24147540983606555
0 0.8249818181818181 0.47404371584699456 0.13207272727272729 0.2215846994535519
0 0.13854545454545455 0.5367213114754098 0.17407272727272727 0.21743169398907103