1 0.2988363636363637 0.6916939890710383 0.08025454545454545 0.1351912568306011
1 0.37632727272727273 0.7254644808743169 0.07832727272727272 0.14234972677595628
0 0.45952727272727273 0.7320218579234973 0.08963636363636363 0.1381967213114754
0 0.5474909090909091 0.7441530054644809 0.08185454545454546 0.14234972677595628
1 0.7064363636363636 0.7527868852459015 0.05527272727272727 0.09633879781420765
1 0.6313818181818182 0.7575409836065573 0.09083636363636363 0.11448087431693989
0 0.42610909090909094 0.4141530054644809 0.12421818181818181 0.23295081967213116
0 0.5538181818181819 0.4263934426229508 0.12323636363636364 0.24300546448087432
0 0.3043636363636364 0.4351912568306011 0.086 0.18404371584699453
0 0.20461818181818184 0.43688524590163935 0.09749090909090909 0.24934426229508197
0 0.6744 0.4781420765027322 0.0945090909090909 0.19989071038251366
0 0.7657818181818182 0.502568306010929 0.08778181818181818 0.22579234972677595
0 0.8456727272727272 0.5428415300546449 0.060036363636363645 0.20562841530054646