0 0.6096833333333334 0.4935833333333333 0.05081666666666666 0.030766666666666668
0 0.5619 0.5012833333333333 0.07458333333333333 0.058966666666666674
0 0.4929833333333334 0.5015999999999999 0.06965 0.05448333333333333
0 0.4416833333333333 0.5025666666666667 0.056799999999999996 0.05385
0 0.6516666666666666 0.5093 0.06426666666666667 0.0673
0 0.39071666666666666 0.5205166666666666 0.06766666666666667 0.06666666666666667
1 0.6292333333333334 0.5359 0.047599999999999996 0.04358333333333333
1 0.5910833333333333 0.5375 0.052116666666666665 0.05063333333333333
1 0.5506833333333334 0.5400666666666667 0.05341666666666666 0.04295
1 0.5077166666666667 0.5403833333333333 0.041916666666666665 0.0423
0 0.6619333333333334 0.5423 0.036033333333333334 0.023083333333333334
1 0.46540000000000004 0.5426333333333333 0.047066666666666666 0.04808333333333334
1 0.41986666666666667 0.5474333333333333 0.05608333333333333 0.04486666666666667
1 0.3653666666666667 0.5628166666666666 0.041999999999999996 0.0359