1 0.14035211267605632 0.2260674157303371 0.02992957746478873 0.12876404494382024
1 0.17088028169014086 0.28629213483146065 0.03165492957746479 0.1548314606741573
1 0.19637323943661972 0.32707865168539324 0.04376760563380282 0.18893258426966295
1 0.24140845070422537 0.35966292134831457 0.06827464788732394 0.25280898876404495
1 0.8054929577464789 0.40460674157303367 0.04834507042253521 0.13168539325842699
1 0.305 0.406123595505618 0.08323943661971832 0.21887640449438203
1 0.7615140845070423 0.43224719101123593 0.05330985915492958 0.18533707865168542
1 0.6987676056338028 0.45162921348314605 0.0682394366197183 0.2403370786516854
1 0.40419014084507043 0.45393258426966293 0.12503521126760564 0.24943820224719102
1 0.6196126760563381 0.4600561797752809 0.09563380281690141 0.22134831460674156
1 0.5162323943661973 0.47859550561797753 0.13119718309859155 0.24471910112359552