0 0.39043189368770764 0.6025748502994012 0.086843853820598 0.24467065868263474
0 0.47714285714285715 0.6045508982035928 0.07501661129568106 0.22305389221556887
0 0.16514950166112957 0.6147904191616766 0.055481727574750825 0.15107784431137725
0 0.30956810631229237 0.615688622754491 0.0754485049833887 0.2205988023952096
0 0.24990033222591362 0.6259281437125749 0.049601328903654485 0.21880239520958084
0 0.20524916943521596 0.6314970059880239 0.05906976744186047 0.17604790419161676
0 0.599501661129568 0.3562874251497006 0.07843853820598007 0.2193413173652695
0 0.49508305647840534 0.3573053892215569 0.12803986710963455 0.28892215568862273
0 0.727906976744186 0.358622754491018 0.059036544850498335 0.17041916167664672
0 0.6754817275747508 0.3586826347305389 0.07036544850498339 0.2241317365269461
0 0.3750498338870432 0.372874251497006 0.11249169435215947 0.2997005988023952
0 0.283953488372093 0.401377245508982 0.08275747508305648 0.19562874251497006
0 0.21538205980066444 0.4191017964071856 0.07438538205980066 0.22946107784431138
0 0.1874418604651163 0.451497005988024 0.053089700996677744 0.14263473053892214
0 0.7544186046511628 0.5555688622754491 0.0727906976744186 0.1208383233532934
0 0.6917275747508306 0.57562874251497 0.08478405315614618 0.18023952095808385
0 0.6366777408637874 0.5798802395209581 0.0756810631229236 0.21449101796407186
0 0.5677408637873753 0.5953293413173653 0.07564784053156146 0.21904191616766466