0 0.8932472324723247 0.7009677419354838 0.11081180811808118 0.2516666666666667
0 0.13121771217712178 0.7220430107526883 0.09162361623616236 0.32903225806451614
0 0.21874538745387453 0.7336021505376343 0.11612546125461254 0.3305913978494624
0 0.7841328413284133 0.7408602150537635 0.10394833948339484 0.3010215053763441
0 0.35236162361623613 0.7526881720430108 0.15372693726937267 0.3109677419354839
0 0.6575645756457564 0.7580645161290323 0.14878228782287822 0.3429032258064516
0 0.5074169741697416 0.7650537634408603 0.16073800738007382 0.33564516129032257
0 0.23416974169741697 0.2782795698924731 0.10656826568265683 0.14967741935483872
0 0.8183763837638376 0.35091397849462364 0.09132841328413284 0.24521505376344085
0 0.41929889298892986 0.35193548387096774 0.21095940959409595 0.3568817204301075
0 0.6464206642066421 0.35387096774193544 0.25232472324723243 0.34139784946236557
0 0.13590405904059039 0.3606989247311828 0.10944649446494464 0.1955913978494624