0 0.6696491228070176 0.04714932126696832 0.26228070175438595 0.09434389140271494
1 0.739561403508772 0.45533936651583706 0.24793859649122807 0.25642533936651585
0 0.21587719298245614 0.5417194570135746 0.26557017543859646 0.28217194570135745
1 0.8123684210526316 0.6741176470588235 0.2767543859649123 0.2750678733031674
0 0.28758771929824556 0.7185067873303167 0.21552631578947368 0.19457013574660634
1 0.8704824561403509 0.8519909502262443 0.21346491228070177 0.19180995475113122
0 0.12429824561403509 0.08656108597285067 0.24859649122807018 0.17312217194570134
0 0.35425438596491227 0.8912217194570136 0.20105263157894737 0.18850678733031673
1 0.9225877192982456 0.9444796380090498 0.15482456140350875 0.11108597285067874
1 0.6974122807017543 0.20601809954751132 0.24741228070175436 0.25027149321266967
0 0.15583333333333335 0.2981447963800905 0.24771929824561403 0.26796380090497735