0 0.6513818181818182 0.3998369565217391 0.04887272727272727 0.07375
0 0.6806181818181818 0.4008152173913043 0.03974545454545454 0.05239130434782609
0 0.37305454545454547 0.4061413043478261 0.04643636363636364 0.04369565217391304
0 0.6078545454545454 0.4105434782608696 0.0424 0.07179347826086957
0 0.4048727272727273 0.41244565217391305 0.055563636363636364 0.08347826086956521
0 0.565309090909091 0.4134239130434782 0.06774545454545454 0.05820652173913044
0 0.5042545454545454 0.41440217391304346 0.05738181818181818 0.06407608695652174
0 0.4555272727272727 0.421195652173913 0.05614545454545455 0.050489130434782606
0 0.6682545454545455 0.44739130434782604 0.048836363636363636 0.05630434782608695
0 0.6263636363636363 0.44885869565217396 0.04432727272727272 0.07277173913043479
0 0.5552363636363636 0.45467391304347826 0.04890909090909091 0.07277173913043479
0 0.5152727272727272 0.4561413043478261 0.05090909090909091 0.06597826086956522
0 0.5961454545454545 0.4585869565217391 0.0424 0.06114130434782609
0 0.4341090909090909 0.45902173913043476 0.054836363636363634 0.07179347826086957
0 0.47112727272727273 0.45902173913043476 0.04312727272727272 0.06016304347826087
0 0.3967636363636364 0.46 0.038618181818181815 0.05820652173913044