1 0.15835000000000002 0.7330496453900709 0.10735 0.24872340425531916
1 0.05525 0.7526241134751773 0.1105 0.179290780141844
0 0.7563500000000001 0.44361702127659575 0.13645 0.23014184397163123
0 0.5814 0.4580851063829787 0.17225000000000001 0.24170212765957447
0 0.39365 0.4631914893617021 0.18655000000000002 0.24893617021276596
0 0.889 0.47085106382978725 0.114 0.21858156028368794
0 0.9762000000000001 0.4805673758865249 0.047599999999999996 0.19106382978723405
0 0.2151 0.49865248226950354 0.156 0.2475177304964539
0 0.0736 0.526595744680851 0.1471 0.2224822695035461
0 0.81545 0.6524822695035462 0.1272 0.2494326241134752
0 0.9337000000000001 0.6612765957446808 0.1084 0.1700709219858156
1 0.687 0.6678014184397163 0.12465 0.22695035460992907
1 0.552 0.6708510638297872 0.12195 0.1946808510638298
1 0.2859 0.6936170212765957 0.12475 0.2541843971631206
1 0.41805 0.6979432624113475 0.13125 0.21921985815602837