1 0.61175 0.20963333333333334 0.09442500000000001 0.12886666666666666
1 0.5720875 0.28685000000000005 0.0887125 0.13073333333333334
0 0.1907375 0.29156666666666664 0.20046250000000002 0.26238333333333336
0 0.1049375 0.4252833333333333 0.16357500000000003 0.20905
1 0.7663249999999999 0.06018333333333333 0.1285875 0.12036666666666666
0 0.18891249999999998 0.7151 0.1401625 0.18460000000000001
0 0.32008749999999997 0.7347166666666667 0.1558625 0.22089999999999999
0 0.4869375 0.7555499999999999 0.1788 0.22256666666666666
0 0.962775 0.7789833333333334 0.0744625 0.1961
0 0.62735 0.7862 0.12077500000000001 0.19385
0 0.4414375 0.0812 0.167025 0.1624
0 0.869725 0.8047166666666666 0.1165875 0.24425000000000002
0 0.7497499999999999 0.8065666666666667 0.1181875 0.18831666666666666
1 0.683725 0.14481666666666668 0.11560000000000001 0.17591666666666667
0 0.316475 0.16601666666666667 0.2235875 0.30535