1 0.4505095541401274 0.6394375 0.09028662420382166 0.1879375
1 0.7256369426751592 0.6400625 0.08875796178343949 0.1899375
1 0.5423885350318471 0.64375 0.09095541401273885 0.16825
1 0.632547770700637 0.6497499999999999 0.08382165605095541 0.195625
0 0.18933121019108282 0.4536875 0.09837579617834395 0.24025
0 0.27952229299363057 0.5018125 0.0843312101910828 0.198125
0 0.5480573248407643 0.5213125 0.14194267515923567 0.1330625
0 0.4038216560509554 0.5221250000000001 0.13496815286624206 0.1835
0 0.6820382165605096 0.52925 0.09280254777070064 0.1335
0 0.7862420382165605 0.5489375 0.09219745222929936 0.181
1 0.26375796178343947 0.58825 0.09544585987261146 0.1684375
1 0.3567834394904459 0.6068125 0.08372611464968152 0.182125
0 0.8239171974522292 0.6138125 0.04678343949044586 0.12037500000000001