0 0.5529336437718277 0.7107816711590296 0.01949941792782305 0.04210242587601078
0 0.5261350407450524 0.7201617250673855 0.035844004656577416 0.08420485175202155
0 0.4838067520372526 0.7237466307277628 0.04488940628637952 0.07900269541778976
0 0.4510360884749709 0.7242318059299191 0.03207217694994179 0.06506738544474394
0 0.579895227008149 0.7304851752021563 0.03543655413271246 0.08056603773584906
0 0.41437718277066354 0.7541509433962265 0.0439580908032596 0.08266846361185984
1 0.548998835855646 0.774177897574124 0.02840512223515716 0.07533692722371968
1 0.570768335273574 0.7746361185983827 0.02770663562281723 0.06495956873315364
1 0.4925727590221187 0.7794878706199461 0.029080325960419092 0.059811320754716985
1 0.4661699650756694 0.7806199460916442 0.033550640279394646 0.07401617250673855
1 0.5205471478463329 0.7816711590296496 0.029941792782305004 0.05463611859838275
1 0.4370430733410943 0.7837466307277627 0.03749708963911525 0.07366576819407007
1 0.3994179278230501 0.8049595687331536 0.028055878928987196 0.0492722371967655