1 0.8855513307984791 0.7154166666666667 0.13019011406844108 0.35000000000000003
1 0.9772243346007604 0.7268229166666668 0.04555133079847909 0.27619791666666665
1 0.767300380228137 0.75109375 0.131787072243346 0.3090104166666667
1 0.6120912547528516 0.7820312500000001 0.19330798479087455 0.38036458333333334
1 0.41855513307984793 0.8065104166666667 0.20026615969581749 0.3503645833333333
1 0.13399239543726235 0.81640625 0.1473384030418251 0.33145833333333335
1 0.2606083650190114 0.8221875000000001 0.11965779467680608 0.24864583333333334
1 0.04596958174904943 0.8258333333333333 0.07958174904942966 0.2428125
1 0.976083650190114 0.9240624999999999 0.04787072243346008 0.14364583333333333
1 0.9393155893536121 0.9347916666666666 0.08034220532319392 0.13036458333333334
1 0.8459695817490495 0.9395312499999999 0.11954372623574144 0.12088541666666668
1 0.06372623574144487 0.9624479166666666 0.0920532319391635 0.07510416666666667
1 0.7313688212927757 0.9632291666666667 0.1253231939163498 0.07354166666666666
1 0.16224334600760457 0.9695312500000001 0.09779467680608364 0.0609375
1 0.2716730038022814 0.9695312500000001 0.10007604562737643 0.0609375
0 0.8807984790874525 0.24473958333333334 0.10916349809885932 0.3251041666666667
0 0.7611026615969582 0.24619791666666668 0.11840304182509506 0.28302083333333333
0 0.9560076045627377 0.2540625 0.07338403041825095 0.2461458333333333
0 0.6052091254752852 0.27619791666666665 0.19330798479087455 0.35984375
0 0.24045627376425857 0.28734375 0.1347148288973384 0.25796875
0 0.10942965779467681 0.289375 0.1369961977186312 0.3377604166666666
0 0.4092015209125475 0.2925520833333333 0.19771863117870722 0.3271354166666667
1 0.029011406844106462 0.3115104166666667 0.05798479087452472 0.20947916666666666
1 0.9514068441064639 0.4284895833333333 0.07228136882129278 0.14677083333333332
1 0.8932319391634981 0.4419270833333333 0.07802281368821293 0.11364583333333333
1 0.8056653992395437 0.450625 0.11262357414448669 0.11208333333333333
1 0.10288973384030418 0.450625 0.11277566539923954 0.10572916666666667
1 0.22444866920152093 0.450625 0.12775665399239544 0.10572916666666667
1 0.022623574144486694 0.4600520833333333 0.04524714828897339 0.09942708333333333
1 0.6898859315589354 0.46557291666666667 0.1276425855513308 0.063125
1 0.3477186311787072 0.46557291666666667 0.12311787072243346 0.07578125000000001
1 0.464638783269962 0.48296875 0.1011787072243346 0.05052083333333333