0 0.9207583333333335 0.23021396396396396 0.14515833333333333 0.13430180180180182
0 0.09178333333333333 0.24530405405405406 0.17289166666666667 0.11627252252252253
0 0.13844166666666666 0.32204954954954956 0.10699166666666665 0.13136261261261262
0 0.8583166666666667 0.3245157657657658 0.09095 0.12828828828828828
0 0.18487499999999998 0.3365990990990991 0.08405 0.15291666666666665
0 0.7673333333333333 0.34191441441441445 0.09855833333333333 0.14101351351351352
0 0.663425 0.348277027027027 0.109175 0.14318693693693693
0 0.5662166666666667 0.3579504504504505 0.09924999999999999 0.06166666666666666
0 0.37125 0.3680518018018018 0.108525 0.1438963963963964
0 0.27155833333333335 0.3710698198198198 0.09895833333333333 0.16972972972972972
0 0.4746333333333333 0.3747522522522522 0.09443333333333333 0.12886261261261261
0 0.9697583333333334 0.05115990990990991 0.05515833333333333 0.10230855855855855
0 0.024766666666666666 0.05664414414414414 0.04954166666666667 0.11327702702702704
0 0.9184083333333333 0.06404279279279279 0.07064166666666666 0.12806306306306306
0 0.06749166666666666 0.06587837837837837 0.081425 0.13175675675675674
0 0.8420583333333334 0.0697072072072072 0.106125 0.13940315315315316
1 0.034675 0.7047184684684684 0.06935 0.1921283783783784
1 0.12855 0.7090990990990991 0.12551666666666667 0.22179054054054054
1 0.9700083333333334 0.7125225225225226 0.05998333333333334 0.18868243243243243
1 0.25611666666666666 0.7286599099099098 0.12624166666666667 0.2005518018018018
1 0.8927583333333333 0.7290878378378378 0.10595833333333333 0.22092342342342344
1 0.76875 0.7373536036036036 0.14519166666666666 0.21058558558558557
0 0.586725 0.07467342342342342 0.13098333333333334 0.09391891891891893
0 0.7322166666666666 0.07471846846846847 0.12474999999999999 0.11248873873873874
1 0.6122500000000001 0.7433896396396397 0.18263333333333334 0.2295720720720721
1 0.4237 0.7521846846846848 0.18761666666666665 0.2279954954954955
0 0.2607083333333334 0.08325450450450451 0.10974166666666667 0.09336711711711711
0 0.418275 0.08483108108108108 0.15909166666666666 0.16343468468468467
1 0.035666666666666666 0.8650900900900902 0.07134166666666666 0.13676801801801802
0 0.1577 0.08737612612612614 0.115975 0.1278716216216216
1 0.95185 0.8686036036036037 0.06430833333333333 0.14777027027027026
1 0.11323333333333332 0.8805630630630631 0.09433333333333334 0.12054054054054054
1 0.8986833333333334 0.8840427927927927 0.05710833333333334 0.11011261261261261
1 0.22614166666666666 0.8875563063063063 0.132525 0.19620495495495494
1 0.34796666666666665 0.8938288288288289 0.12276666666666666 0.15797297297297297
1 0.8012916666666666 0.896204954954955 0.118775 0.17138513513513512
1 0.6874333333333333 0.9023423423423423 0.12614999999999998 0.14498873873873874
1 0.46620000000000006 0.9077477477477478 0.10595833333333333 0.1296846846846847
1 0.5748333333333333 0.9136036036036036 0.09391666666666666 0.1214527027027027