0 0.15171875 0.572994923857868 0.16046875 0.15908629441624367
0 0.83171875 0.7041624365482233 0.173125 0.17218274111675128
0 0.8971875 0.8705583756345178 0.10609375 0.12751269035532994
0 0.799609375 0.9073604060913706 0.1096484375 0.15091370558375636
0 0.2340234375 0.9102030456852792 0.1114453125 0.17959390862944163
0 0.680859375 0.9130456852791878 0.1320703125 0.17071065989847717
0 0.1532421875 0.9251269035532995 0.07796875 0.13999999999999999
1 0.4575 0.9302030456852792 0.1291015625 0.13954314720812183
1 0.3421875 0.9306598984771574 0.1135546875 0.13873096446700506
0 0.553828125 0.17969543147208122 0.1778515625 0.17918781725888325
0 0.3776953125 0.18578680203045686 0.1519140625 0.2037055837563452
0 0.2626953125 0.24380710659898477 0.12859375 0.16730964467005077
0 0.681875 0.24563451776649747 0.1248046875 0.15406091370558375
0 0.769296875 0.33253807106598987 0.112578125 0.1363959390862944
0 0.1828125 0.3725888324873097 0.1487109375 0.21157360406091372