0 0.9531506849315068 0.5788439306358382 0.08253424657534247 0.1816763005780347
0 0.04547945205479452 0.6050867052023122 0.06633561643835617 0.13502890173410403
0 0.10160958904109589 0.6223121387283237 0.08345890410958905 0.1393063583815029
0 0.150513698630137 0.63121387283237 0.08075342465753424 0.15959537572254334
0 0.8979109589041095 0.6372832369942196 0.08976027397260274 0.16473988439306358
0 0.8300342465753425 0.6401156069364161 0.08756849315068493 0.1938150289017341
0 0.19147260273972602 0.6547398843930635 0.10226027397260273 0.2392485549132948
0 0.785958904109589 0.6564161849710983 0.09749999999999999 0.24670520231213872
1 0.5182534246575343 0.6760693641618497 0.08386986301369863 0.26173410404624275
1 0.34356164383561644 0.6799421965317919 0.09404109589041096 0.23554913294797689
1 0.7112328767123288 0.6824855491329479 0.08821917808219179 0.31710982658959536
1 0.43517123287671233 0.6871676300578035 0.0752054794520548 0.23265895953757226
0 0.24705479452054796 0.6871676300578035 0.09921232876712328 0.30491329479768786
0 0.6178082191780823 0.6946820809248555 0.10582191780821917 0.29560693641618496
0 0.6804794520547944 0.29988439306358383 0.09811643835616438 0.2908670520231214
0 0.7785958904109589 0.30976878612716763 0.09075342465753425 0.3102890173410405
0 0.4116095890410959 0.31 0.14626712328767125 0.2904624277456647
0 0.2931164383561644 0.31063583815028906 0.09664383561643836 0.2652601156069364
0 0.9872945205479453 0.3215606936416185 0.025376712328767124 0.1777456647398844
0 0.5588698630136987 0.3230635838150289 0.15308219178082194 0.293121387283237
0 0.20116438356164384 0.3236416184971098 0.08565068493150685 0.27104046242774565
0 0.8433219178082192 0.34763005780346823 0.07376712328767122 0.25023121387283237
0 0.8978082191780823 0.34890173410404623 0.06945205479452055 0.22953757225433527
0 0.9476712328767124 0.3517919075144509 0.05684931506849315 0.18040462427745665
0 0.13914383561643837 0.36884393063583815 0.06684931506849315 0.23265895953757226
0 0.09311643835616439 0.3763583815028902 0.05815068493150685 0.20271676300578034
0 0.046952054794520554 0.3780346820809249 0.06071917808219178 0.18127167630057803
1 0.046506849315068495 0.5028901734104047 0.0786986301369863 0.09248554913294797