1 0.450997442455243 0.7988372093023256 0.08352941176470588 0.23837209302325582
1 0.3846035805626598 0.8817829457364341 0.10329923273657289 0.22093023255813954
0 0.04677749360613811 0.8953488372093024 0.09352941176470589 0.20930232558139536
0 0.5338363171355498 0.901860465116279 0.05652173913043479 0.19635658914728682
1 0.3000511508951407 0.9244186046511628 0.08598465473145779 0.1511627906976744
1 0.9374936061381074 0.9341085271317829 0.07222506393861892 0.13178294573643412
1 0.8606649616368286 0.9509302325581396 0.08186700767263426 0.09813953488372093
1 0.21531969309462914 0.954108527131783 0.07933503836317135 0.09170542635658915
1 0.09081841432225063 0.9586821705426357 0.05278772378516624 0.08263565891472868
1 0.7780562659846548 0.9664341085271317 0.08289002557544756 0.06713178294573643
1 0.6929923273657288 0.9725581395348837 0.09690537084398977 0.05488372093023256
1 0.5526854219948849 0.9786821705426356 0.045652173913043485 0.04263565891472868
1 0.1414322250639386 0.9793798449612403 0.06713554987212277 0.04131782945736434
1 0.60846547314578 0.9831782945736434 0.06506393861892583 0.03356589147286822
0 0.2688235294117647 0.30914728682170545 0.08744245524296675 0.3597674418604651
0 0.3488746803069054 0.32496124031007756 0.09263427109974424 0.3372093023255814
0 0.19976982097186702 0.3834108527131783 0.09168797953964195 0.34038759689922476
1 0.759079283887468 0.38891472868217053 0.08841432225063939 0.3617829457364341
0 0.4365728900255754 0.39984496124031005 0.09025575447570332 0.33201550387596895
1 0.8465473145780051 0.42767441860465116 0.0929923273657289 0.353953488372093
1 0.6867007672634271 0.44612403100775194 0.08176470588235293 0.3417054263565891
0 0.13772378516624043 0.46674418604651163 0.09207161125319693 0.3624031007751938
1 0.6191304347826088 0.5184496124031007 0.09365728900255754 0.38689922480620154
0 0.9179028132992327 0.5613953488372093 0.10258312020460358 0.36565891472868217
0 0.4791304347826087 0.577906976744186 0.03153452685421995 0.28224806201550384
0 0.10585677749360614 0.6903100775193798 0.1050383631713555 0.3055038759689922
0 0.5675191815856777 0.7374418604651163 0.10514066496163682 0.32751937984496127
0 0.9691304347826087 0.7484496124031007 0.06173913043478261 0.2874418604651163