1 0.6904333333333333 0.708452380952381 0.09246666666666666 0.20035714285714284
1 0.4937 0.7092261904761905 0.10066666666666667 0.21339285714285716
1 0.2819333333333333 0.7092261904761905 0.09826666666666667 0.23666666666666666
1 0.5993999999999999 0.7099404761904762 0.09576666666666667 0.1974404761904762
1 0.39453333333333335 0.7172023809523809 0.1023 0.23226190476190478
1 0.18403333333333333 0.7195238095238095 0.10746666666666667 0.16809523809523808
1 0.7884 0.7331547619047619 0.09003333333333334 0.23226190476190478
0 0.8721333333333333 0.7404166666666667 0.09326666666666666 0.14517857142857143
0 0.5225666666666667 0.4602380952380952 0.1161 0.19452380952380952
0 0.3807 0.46672619047619046 0.1332 0.21053571428571427
0 0.6546666666666667 0.49363095238095245 0.08436666666666666 0.17714285714285716
0 0.2547 0.5095833333333333 0.11046666666666667 0.17714285714285716
1 0.7709 0.5618452380952381 0.09246666666666666 0.18583333333333332
1 0.14376666666666668 0.5749404761904762 0.10316666666666667 0.2235714285714286
0 0.8530333333333333 0.5807142857142857 0.0713 0.14809523809523809