1 0.7212894736842105 0.8338345864661655 0.1225 0.3323308270676692
1 0.6058684210526315 0.8600751879699248 0.12731578947368422 0.27984962406015035
1 0.2200526315789474 0.865187969924812 0.11136842105263157 0.26954887218045115
1 0.4806052631578947 0.8676691729323309 0.12407894736842105 0.2646616541353384
1 0.3500263157894737 0.8747368421052631 0.14513157894736842 0.2505263157894737
1 0.8320263157894737 0.8874436090225564 0.11163157894736843 0.22511278195488724
1 0.9081052631578947 0.9561654135338346 0.06123684210526316 0.08766917293233083
0 0.5989736842105263 0.23864661654135338 0.19905263157894737 0.3370676691729323
0 0.07573684210526316 0.3493984962406015 0.10607894736842106 0.4156390977443609
0 0.865421052631579 0.36218045112781955 0.09615789473684211 0.35857142857142854
0 0.20923684210526317 0.3651127819548872 0.12802631578947368 0.48052631578947363
0 0.9495 0.38451127819548875 0.10097368421052631 0.5395488721804511
0 0.7700526315789474 0.3906015037593985 0.13799999999999998 0.45458646616541354
0 0.38218421052631574 0.39766917293233084 0.22299999999999998 0.7182706766917293
0 0.02663157894736842 0.43007518796992483 0.05326315789473684 0.3609022556390977