0 0.9496 0.65625 0.1008 0.28575
1 0.8733666666666666 0.69825 0.11723333333333334 0.2681
1 0.049666666666666665 0.7026 0.09933333333333333 0.2519
1 0.08863333333333333 0.7308499999999999 0.08996666666666667 0.226
1 0.13416666666666666 0.7354999999999999 0.10326666666666667 0.21935
1 0.7346333333333332 0.7373999999999999 0.12916666666666668 0.33625
0 0.6076 0.73885 0.10533333333333333 0.3184
0 0.8051 0.73925 0.13136666666666666 0.3064
1 0.4051 0.74155 0.09846666666666666 0.2956
1 0.5034666666666666 0.74625 0.1017 0.2956
1 0.20700000000000002 0.7620999999999999 0.10793333333333334 0.33175
1 0.3048666666666666 0.7716 0.10826666666666665 0.29725
0 0.5644333333333333 0.31 0.15876666666666667 0.3987
0 0.39913333333333334 0.33695 0.17090000000000002 0.36205
0 0.7017333333333333 0.34375 0.11116666666666668 0.2754
0 0.9685999999999999 0.35075 0.06283333333333334 0.26985
0 0.8178666666666667 0.36524999999999996 0.12953333333333333 0.314
0 0.9039333333333334 0.37189999999999995 0.09040000000000001 0.2959
0 0.24743333333333334 0.38020000000000004 0.1095 0.2529
0 0.14596666666666666 0.395 0.12943333333333332 0.3079
0 0.08073333333333332 0.415 0.0829 0.26839999999999997
0 0.0352 0.42310000000000003 0.06246666666666666 0.24255