1 0.9103474903474904 0.6610309278350516 0.09081081081081081 0.17850515463917527
1 0.8218532818532819 0.6962371134020618 0.08347490347490348 0.18103092783505154
1 0.7271814671814671 0.7168041237113402 0.13891891891891892 0.22649484536082473
0 0.5754054054054054 0.7489175257731958 0.1874131274131274 0.3231443298969072
0 0.2037065637065637 0.7498453608247423 0.15818532818532818 0.2761340206185567
0 0.3691891891891892 0.7589175257731958 0.17694980694980694 0.31381443298969075
1 0.9421235521235521 0.4264948453608247 0.11575289575289575 0.3193298969072165
0 0.03216216216216216 0.45829896907216494 0.06432432432432432 0.17510309278350514
1 0.6630888030888031 0.4587628865979381 0.21783783783783783 0.32510309278350513
1 0.8558301158301158 0.46123711340206186 0.19413127413127412 0.32829896907216494
0 0.27173745173745173 0.4778865979381443 0.16173745173745174 0.3256701030927835
0 0.4488030888030888 0.4786082474226804 0.18683397683397684 0.3372164948453608
0 0.11702702702702703 0.4893298969072165 0.1425096525096525 0.28144329896907216