1 0.06925619834710744 0.48370192307692306 0.13508264462809916 0.13985576923076923
0 0.8417768595041323 0.5223076923076924 0.17747933884297523 0.22288461538461538
1 0.09177685950413224 0.6337499999999999 0.13760330578512395 0.14278846153846153
0 0.7722727272727272 0.6657692307692307 0.13367768595041324 0.14860576923076924
0 0.6846280991735537 0.7852403846153847 0.14119834710743803 0.1806730769230769
1 0.11681818181818182 0.787451923076923 0.13256198347107437 0.13841346153846154
0 0.0659090909090909 0.09105769230769231 0.13177685950413223 0.17629807692307692
1 0.19822314049586776 0.8843269230769231 0.0924793388429752 0.12528846153846154
1 0.5800826446280991 0.9032692307692307 0.1299586776859504 0.13403846153846152
1 0.2946280991735537 0.9301923076923077 0.10285123966942149 0.10346153846153847
1 0.47301652892561985 0.9494230769230769 0.10371900826446281 0.10110576923076924
1 0.38727272727272727 0.9530769230769232 0.1024793388429752 0.09384615384615384
1 0.05776859504132231 0.29721153846153847 0.11553719008264463 0.198125
0 0.9165702479338843 0.3314423076923077 0.1668595041322314 0.20249999999999999