1 0.6097183098591549 0.5654237288135593 0.04299295774647888 0.10627118644067796
1 0.36757042253521127 0.5690395480225988 0.04528169014084507 0.1007909604519774
1 0.4163732394366197 0.58 0.048767605633802814 0.10248587570621469
0 0.4710915492957746 0.5823728813559322 0.05492957746478873 0.05214689265536723
0 0.5469014084507042 0.5859887005649718 0.0819718309859155 0.06807909604519774
0 0.5915845070422535 0.44254237288135595 0.044964788732394366 0.06807909604519774
0 0.5284154929577465 0.4468926553672316 0.046760563380281686 0.04203389830508475
0 0.43137323943661976 0.45994350282485874 0.04408450704225352 0.04779661016949153
0 0.4783098591549296 0.4614124293785311 0.036866197183098595 0.059378531073446324
0 0.6412676056338028 0.4664406779661017 0.030492957746478873 0.05214689265536723
0 0.3851408450704225 0.46796610169491526 0.03183098591549295 0.06384180790960452
0 0.6534507042253521 0.5519209039548022 0.034999999999999996 0.09559322033898306