0 0.6204333333333333 0.6251190476190476 0.11466666666666667 0.3442857142857143
0 0.8766999999999999 0.6588690476190476 0.12583333333333332 0.21601190476190477
0 0.04713333333333333 0.7000595238095239 0.09426666666666667 0.3075
0 0.46693333333333337 0.7169642857142857 0.13193333333333332 0.22636904761904764
0 0.16593333333333335 0.7251785714285715 0.1556 0.28857142857142853
0 0.7482333333333333 0.7313690476190476 0.1257 0.1975595238095238
0 0.31396666666666667 0.7460119047619047 0.15283333333333335 0.3456547619047619
0 0.9461666666666667 0.39755952380952386 0.1076 0.35892857142857143
1 0.5248 0.41464285714285715 0.22846666666666668 0.5127976190476191
1 0.7834 0.4161904761904762 0.22223333333333334 0.4680952380952381
1 0.3315 0.42732142857142863 0.16703333333333334 0.36619047619047623
1 0.14880000000000002 0.42827380952380956 0.19726666666666667 0.40595238095238095