1 0.19604444444444444 0.7852888888888889 0.14444444444444443 0.17995555555555556
1 0.37893333333333334 0.7877333333333334 0.22742222222222222 0.19177777777777777
1 0.8075111111111111 0.7886222222222222 0.15719999999999998 0.17417777777777776
1 0.6237777777777778 0.7914222222222221 0.23635555555555554 0.19502222222222224
1 0.07266666666666667 0.8203555555555556 0.10413333333333333 0.21306666666666665
1 0.9323555555555556 0.8248888888888889 0.09977777777777777 0.18826666666666667
0 0.6526222222222222 0.2793777777777778 0.2216888888888889 0.21164444444444444
0 0.41764444444444443 0.2826666666666667 0.2156888888888889 0.20657777777777778
0 0.8293333333333333 0.28542222222222224 0.14155555555555557 0.18346666666666667
0 0.22657777777777777 0.29200000000000004 0.17146666666666666 0.19848888888888888
0 0.9412 0.3124 0.09177777777777778 0.11982222222222223
0 0.07635555555555555 0.32697777777777776 0.1143111111111111 0.22764444444444443