1 0.10820689655172414 0.6106896551724138 0.127 0.24626436781609196
1 0.6970689655172414 0.6533333333333333 0.11510344827586208 0.199367816091954
1 0.4367241379310345 0.6602298850574713 0.10986206896551724 0.19775862068965516
1 0.8250344827586207 0.668448275862069 0.13044827586206895 0.2548850574712644
1 0.5505172413793104 0.6777011494252874 0.10855172413793103 0.13833333333333334
1 0.3041379310344828 0.6855747126436782 0.10910344827586207 0.1646551724137931
1 0.1977586206896552 0.7080459770114943 0.10324137931034483 0.23379310344827586
1 0.583655172413793 0.46494252873563224 0.2063448275862069 0.2832183908045977
0 0.7416551724137932 0.4705172413793104 0.11672413793103449 0.232183908045977
1 0.3753793103448276 0.49752873563218386 0.19103448275862067 0.2898275862068965
0 0.8726896551724138 0.5272413793103448 0.14955172413793102 0.3046551724137931
0 0.23086206896551725 0.5607471264367816 0.10444827586206896 0.21499999999999997