1 0.30390666666666666 0.29161676646706586 0.020173333333333335 0.08341317365269461
1 0.32165333333333335 0.3033932135728543 0.023653333333333332 0.09780439121756487
1 0.35233333333333333 0.31107784431137725 0.03436 0.11277445109780439
1 0.6870799999999999 0.31706586826347305 0.02492 0.07684630738522955
1 0.66588 0.3199600798403194 0.03134666666666667 0.07704590818363274
1 0.6415333333333333 0.3218562874251497 0.042173333333333334 0.10317365269461078
1 0.4557733333333333 0.32984031936127745 0.07536000000000001 0.14868263473053892
1 0.5974533333333333 0.33063872255489024 0.0466 0.12393213572854292
1 0.39481333333333335 0.3323353293413174 0.04784 0.11295409181636727
1 0.5348933333333333 0.3323353293413174 0.08372 0.13930139720558884
1 0.35284 0.3855289421157685 0.03076 0.04968063872255489
1 0.6744133333333333 0.3897205588822355 0.04414666666666667 0.09081836327345309
1 0.6424133333333334 0.39570858283433136 0.04416 0.1027944111776447
1 0.3909866666666667 0.40219560878243515 0.03713333333333334 0.060259481037924154
1 0.4358666666666666 0.4114770459081836 0.05030666666666666 0.0592814371257485
1 0.47829333333333335 0.41656686626746503 0.04226666666666667 0.06986027944111776
1 0.56932 0.4179640718562874 0.04688 0.06387225548902195
1 0.6068 0.42035928143712575 0.038586666666666665 0.06065868263473054
1 0.52476 0.4228542914171657 0.05332 0.05568862275449102