0 0.06328185328185329 0.6056701030927835 0.12656370656370658 0.1765979381443299
0 0.8885328185328185 0.6495876288659793 0.12015444015444016 0.17469072164948454
0 0.21046332046332045 0.6572164948453608 0.20073359073359073 0.2243298969072165
0 0.34996138996139 0.6734536082474227 0.15629343629343628 0.22623711340206185
0 0.783011583011583 0.6944329896907216 0.14814671814671815 0.2300515463917526
0 0.48046332046332046 0.7015979381443299 0.18123552123552122 0.24628865979381445
0 0.6428571428571429 0.7345360824742269 0.1711196911196911 0.3140721649484536
0 0.9271042471042471 0.21237113402061858 0.14575289575289574 0.3560309278350515
0 0.7798841698841699 0.2429381443298969 0.2230888030888031 0.3331443298969072
0 0.6053667953667954 0.2634536082474227 0.1915057915057915 0.29402061855670103
0 0.4326254826254826 0.30402061855670104 0.2064092664092664 0.29876288659793815
0 0.30173745173745176 0.33458762886597937 0.17339768339768338 0.23768041237113402
0 0.17833976833976833 0.3374226804123711 0.13254826254826255 0.21670103092783505
0 0.10501930501930502 0.35845360824742273 0.10030888030888031 0.19376288659793817