0 0.34308755760368664 0.4723706896551724 0.11165898617511522 0.1036206896551724
0 0.5085714285714286 0.4781034482758621 0.11631336405529953 0.10435344827586207
0 0.867188940092166 0.49461206896551724 0.18050691244239633 0.10887931034482759
0 0.7281566820276497 0.5030603448275862 0.10995391705069124 0.11961206896551724
0 0.6318433179723503 0.5117241379310344 0.08622119815668203 0.10275862068965518
0 0.8606912442396314 0.5868965517241379 0.17101382488479264 0.11685344827586207
0 0.3514285714285715 0.3044396551724138 0.11576036866359447 0.11969827586206896
0 0.1711520737327189 0.32797413793103447 0.09682027649769585 0.14797413793103448
0 0.4770506912442396 0.3331034482758621 0.13059907834101384 0.10396551724137931
0 0.8410599078341013 0.3667672413793104 0.11682027649769586 0.1673706896551724
0 0.04465437788018433 0.38301724137931037 0.08926267281105991 0.12879310344827585
0 0.6232718894009217 0.3886206896551724 0.19211981566820274 0.12370689655172414
0 0.7071428571428571 0.3980172413793104 0.15764976958525345 0.1363362068965517
0 0.13267281105990783 0.4048706896551724 0.16119815668202764 0.1665948275862069
0 0.22972350230414748 0.40771551724137933 0.11451612903225807 0.1772413793103448