0 0.12086505190311418 0.3320689655172414 0.05612456747404844 0.11385057471264368
0 0.8244290657439446 0.3743103448275862 0.09024221453287197 0.12379310344827586
0 0.17280276816608997 0.37724137931034485 0.05401384083044983 0.0796551724137931
0 0.24868512110726645 0.40304597701149425 0.06024221453287197 0.10758620689655171
0 0.3258823529411765 0.4082183908045977 0.09214532871972318 0.13264367816091954
0 0.42301038062283736 0.4302873563218391 0.10896193771626297 0.14735632183908046
0 0.5600692041522491 0.442816091954023 0.10096885813148788 0.15471264367816093
0 0.6545674740484428 0.4472413793103448 0.07875432525951558 0.13999999999999999
0 0.7330449826989619 0.4494827586206896 0.07076124567474049 0.13557471264367815
0 0.15820069204152248 0.4605172413793103 0.1295847750865052 0.18419540229885056
0 0.8164359861591695 0.4708045977011494 0.0973356401384083 0.13408045977011493
1 0.26865051903114184 0.5083908045977011 0.08771626297577856 0.15327586206896554
1 0.35204152249134946 0.5408045977011494 0.06640138408304498 0.1296551724137931
1 0.5077162629757785 0.5481609195402298 0.05484429065743945 0.14442528735632185
1 0.5880276816608997 0.5599999999999999 0.05927335640138408 0.12379310344827586
1 0.4269896193771627 0.5614367816091954 0.06550173010380622 0.13264367816091954
1 0.6674048442906574 0.5629310344827586 0.06190311418685121 0.11787356321839082