1 0.06183752417794971 0.2973991031390134 0.12365570599613153 0.21538116591928252
0 0.9225338491295938 0.3273542600896861 0.1549129593810445 0.20329596412556053
1 0.0667504835589942 0.4834977578475336 0.13352030947775628 0.14623318385650225
0 0.8416827852998066 0.5127130044843049 0.18406189555125724 0.21524663677130046
1 0.0867504835589942 0.6314798206278026 0.13692456479690523 0.16441704035874438
0 0.7694970986460348 0.6629372197309418 0.13251450676982593 0.16591928251121077
1 0.12315280464216635 0.7793273542600897 0.12112185686653772 0.14159192825112107
0 0.6906576402321083 0.7848430493273543 0.13029013539651838 0.18248878923766818
1 0.19961315280464217 0.8866816143497758 0.09911025145067699 0.11766816143497758
1 0.5812379110251451 0.8916367713004485 0.12481624758220503 0.13603139013452914
0 0.2922630560928433 0.939865470852018 0.09686653771760155 0.1137219730941704
1 0.489284332688588 0.9536547085201793 0.10034816247582205 0.09266816143497758
1 0.3866731141199226 0.9558520179372197 0.09508704061895551 0.08831838565022422
0 0.06798839458413926 0.09681614349775784 0.13597678916827852 0.19363228699551568