0 0.6075555555555555 0.4896 0.03266666666666666 0.04733333333333334
0 0.5537777777777777 0.49462222222222224 0.051333333333333335 0.05733333333333333
0 0.4391111111111111 0.49604444444444445 0.045644444444444446 0.06306666666666666
0 0.6413333333333334 0.49733333333333335 0.05208888888888889 0.05124444444444444
0 0.4950222222222222 0.4975111111111111 0.05706666666666667 0.06306666666666666
0 0.3850222222222222 0.5246666666666666 0.04937777777777778 0.06671111111111111
1 0.6290222222222223 0.5369333333333334 0.04128888888888888 0.044444444444444446
1 0.5917777777777778 0.5419555555555555 0.032711111111111114 0.04875555555555556
1 0.41902222222222224 0.5448 0.042755555555555554 0.04875555555555556
1 0.5100444444444445 0.5462222222222223 0.021244444444444444 0.04586666666666667
1 0.4677777777777778 0.5469333333333334 0.03986666666666667 0.05017777777777777
1 0.4728 0.5476888888888889 0.04133333333333333 0.054488888888888885
1 0.5552 0.5512444444444444 0.0456 0.05017777777777777
0 0.3724444444444444 0.5519555555555555 0.05280000000000001 0.03728888888888889