0 0.9736330935251799 0.6599447513812154 0.05053956834532374 0.1874585635359116
0 0.9342446043165469 0.6932596685082874 0.09485611510791367 0.20513812154696134
1 0.04133093525179856 0.7073480662983426 0.08266187050359712 0.21955801104972378
1 0.6732014388489209 0.7121546961325967 0.11133093525179856 0.22878453038674032
0 0.09690647482014389 0.7122099447513812 0.13043165467625897 0.2729281767955801
1 0.881546762589928 0.7192265193370166 0.11723021582733814 0.24806629834254143
1 0.7841007194244604 0.7371270718232044 0.12798561151079135 0.29044198895027623
1 0.33057553956834534 0.7376795580110498 0.1152158273381295 0.2180110497237569
1 0.5636690647482014 0.7656353591160222 0.11492805755395684 0.26060773480662985
0 0.20762589928057554 0.7721546961325967 0.14035971223021584 0.35889502762430936
1 0.4479496402877698 0.7749171270718231 0.11327338129496402 0.2674585635359116
1 0.7769424460431655 0.27480662983425413 0.1412589928057554 0.3198342541436464
1 0.6186690647482015 0.2761878453038674 0.18967625899280574 0.3111049723756906
1 0.22913669064748202 0.2893370165745856 0.14802158273381294 0.26751381215469616
1 0.4110791366906475 0.2900552486187845 0.20241007194244606 0.2893370165745856
1 0.9042446043165467 0.2937016574585635 0.10816546762589928 0.3664088397790055
1 0.08820143884892086 0.30077348066298343 0.11161870503597122 0.35475138121546956
1 0.9770863309352518 0.35259668508287295 0.0362589928057554 0.27187845303867403
1 0.024316546762589927 0.36187845303867405 0.04863309352517985 0.23116022099447517