0 0.804509090909091 0.09562841530054644 0.08298181818181818 0.1883606557377049
1 0.05232727272727273 0.18262295081967214 0.10465454545454546 0.2358469945355191
0 0.8657454545454546 0.1933879781420765 0.09065454545454546 0.15672131147540982
0 0.9322545454545454 0.30125683060109293 0.08010909090909091 0.1308743169398907
1 0.06967272727272728 0.38972677595628413 0.11952727272727272 0.25021857923497265
0 0.8930181818181818 0.44360655737704924 0.11647272727272728 0.20562841530054646
0 0.6201454545454546 0.48398907103825134 0.16712727272727274 0.253224043715847
1 0.1422909090909091 0.4851366120218579 0.10945454545454546 0.20595628415300546
0 0.7519636363636364 0.5101092896174864 0.15992727272727272 0.2595081967213115
0 0.48861818181818184 0.5242622950819672 0.1089090909090909 0.22300546448087433
0 0.37694545454545453 0.5286338797814207 0.12327272727272727 0.22721311475409836
1 0.24978181818181816 0.5304371584699453 0.13312727272727273 0.22644808743169398