0 0.4265702479338843 0.41227272727272724 0.13245179063360882 0.2284090909090909
0 0.5533057851239669 0.4321280991735537 0.1336914600550964 0.23803719008264462
0 0.305 0.4364669421487603 0.09855371900826446 0.19326446280991738
0 0.20823691460055097 0.4411363636363636 0.09921487603305786 0.24076446280991737
0 0.6756060606060607 0.4802066115702479 0.10706611570247934 0.19553719008264464
0 0.7639393939393939 0.5084710743801653 0.09046831955922865 0.2287396694214876
0 0.14326446280991736 0.5391528925619834 0.06632231404958677 0.10442148760330579
0 0.8399035812672176 0.5472314049586777 0.0740909090909091 0.18258264462809917
1 0.30267217630853993 0.7030371900826445 0.09022038567493113 0.14278925619834712
1 0.37942148760330574 0.7281404958677686 0.08194214876033058 0.13919421487603306
1 0.4622727272727273 0.7337396694214876 0.09046831955922865 0.13685950413223139
1 0.5451101928374655 0.7428719008264463 0.08917355371900826 0.13979338842975206
1 0.709449035812672 0.7484917355371901 0.07712121212121212 0.11082644628099174
1 0.6265977961432507 0.757314049586777 0.09147382920110192 0.12450413223140495