0 0.5562999999999999 0.5995833333333334 0.0535 0.05226190476190476
1 0.5977666666666667 0.6032142857142857 0.027466666666666667 0.05083333333333333
1 0.6307 0.6163095238095239 0.029900000000000003 0.05083333333333333
1 0.28683333333333333 0.6163095238095239 0.0381 0.05083333333333333
1 0.4079333333333333 0.5161309523809523 0.0901 0.1030952380952381
1 0.5812999999999999 0.5267857142857143 0.048999999999999995 0.09035714285714286
1 0.3116333333333333 0.5357142857142857 0.0633 0.0813095238095238
1 0.6258 0.5419047619047619 0.04126666666666667 0.10089285714285715
1 0.26689999999999997 0.550952380952381 0.0373 0.07113095238095238
1 0.662 0.5560119047619048 0.025833333333333333 0.09
1 0.49616666666666664 0.5894047619047619 0.056766666666666674 0.07547619047619047
0 0.3774666666666667 0.5908928571428571 0.04703333333333333 0.06095238095238095
0 0.4266333333333333 0.5916071428571429 0.052700000000000004 0.06244047619047619
1 0.3315333333333333 0.5923214285714286 0.039733333333333336 0.0667857142857143