0 0.44653301886792457 0.45704424778761066 0.09951650943396226 0.2611504424778761
0 0.5511320754716982 0.4806371681415929 0.11673349056603773 0.2469911504424779
0 0.32634433962264153 0.4849557522123894 0.1402122641509434 0.2603716814159292
0 0.8486084905660377 0.4855398230088495 0.05794811320754717 0.09713274336283187
0 0.6636556603773585 0.48633628318584066 0.11494103773584906 0.1797345132743363
0 0.7637264150943396 0.4941061946902655 0.11476415094339622 0.1878053097345133
0 0.221061320754717 0.5026548672566372 0.08267688679245283 0.2391150442477876
1 0.16909198113207546 0.5241946902654867 0.043726415094339624 0.22320353982300886
0 0.691438679245283 0.5799469026548673 0.09449292452830188 0.08063716814159293
1 0.5935259433962264 0.5865309734513274 0.10951650943396227 0.10598230088495576
1 0.4760966981132076 0.5922300884955752 0.11377358490566038 0.11424778761061946
1 0.38860849056603775 0.6119823008849558 0.07490566037735849 0.08023008849557522
1 0.256686320754717 0.6241061946902655 0.07091981132075471 0.11502654867256636
1 0.31869103773584906 0.6358053097345133 0.06170990566037736 0.06568141592920354
1 0.20755896226415094 0.6606194690265487 0.04728773584905661 0.08782300884955752