0 0.8054181818181818 0.6384699453551913 0.14461818181818184 0.17256830601092896
0 0.19243636363636366 0.6653005464480874 0.11716363636363636 0.11431693989071039
0 0.8461454545454545 0.8326229508196722 0.19065454545454547 0.23633879781420766
0 0.15836363636363635 0.8363934426229508 0.16138181818181818 0.2171584699453552
1 0.5731636363636364 0.13972677595628416 0.1469090909090909 0.19497267759562842
1 0.42676363636363635 0.16229508196721312 0.1358909090909091 0.21808743169398906
0 0.6656 0.18655737704918032 0.09723636363636363 0.1312568306010929
0 0.33403636363636363 0.20770491803278687 0.0910909090909091 0.1396174863387978
0 0.7364727272727273 0.31808743169398906 0.13592727272727273 0.16989071038251366
0 0.2597090909090909 0.35715846994535516 0.12341818181818182 0.1446448087431694
0 0.7792727272727273 0.4836612021857924 0.13007272727272728 0.12180327868852459
0 0.2273090909090909 0.5253551912568306 0.15087272727272727 0.12633879781420765