0 0.12114893617021276 0.29856 0.07438297872340426 0.17584
0 0.20548936170212764 0.31648000000000004 0.11557446808510638 0.226
0 0.2997021276595745 0.31816 0.057914893617021276 0.15975999999999999
0 0.5972340425531915 0.33536 0.08310638297872341 0.17992
0 0.918595744680851 0.34184 0.054127659574468086 0.22784000000000001
0 0.735531914893617 0.34608 0.07497872340425532 0.1744
0 0.8469787234042553 0.348 0.12829787234042553 0.21128
0 0.4328936170212766 0.34928 0.09480851063829787 0.17168
1 0.8822978723404256 0.48992 0.10340425531914894 0.21575999999999998
0 0.1636595744680851 0.49112 0.08365957446808511 0.22663999999999998
0 0.2465531914893617 0.51544 0.10706382978723404 0.2776
0 0.7847659574468084 0.53872 0.10029787234042553 0.2796
1 0.35212765957446807 0.5413600000000001 0.09846808510638298 0.22384
1 0.676936170212766 0.5456799999999999 0.11251063829787235 0.25112
1 0.456468085106383 0.548 0.09706382978723403 0.22719999999999999
1 0.5679148936170213 0.5536 0.09851063829787234 0.21631999999999998