1 0.9209814814814814 0.27469135802469136 0.058722222222222224 0.10493827160493827
1 0.8451666666666666 0.3256296296296296 0.07840740740740741 0.1574074074074074
0 0.12674074074074074 0.38614814814814813 0.08274074074074074 0.10874074074074074
1 0.7535925925925926 0.4149382716049383 0.09431481481481481 0.15162962962962961
1 0.8822037037037037 0.4228395061728395 0.08533333333333333 0.12654320987654322
1 0.22144444444444444 0.4238765432098765 0.11118518518518518 0.12755555555555556
1 0.3295740740740741 0.4617777777777778 0.11199999999999999 0.15503703703703703
1 0.6248518518518519 0.4808641975308642 0.14844444444444443 0.14279012345679012
1 0.8208703703703704 0.4953827160493827 0.08072222222222222 0.16666666666666666
1 0.45912962962962967 0.5011851851851852 0.15357407407407409 0.13034567901234567
1 0.19151851851851853 0.5122716049382716 0.10364814814814814 0.16390123456790123
1 0.7378703703703704 0.5510864197530864 0.09 0.14044444444444446
1 0.2831111111111111 0.5775061728395061 0.08162962962962962 0.17953086419753084
0 0.6245925925925926 0.5947654320987654 0.12242592592592592 0.09977777777777777
1 0.49303703703703705 0.6087407407407407 0.11520370370370371 0.15202469135802468
1 0.3771481481481481 0.6146666666666667 0.09988888888888889 0.14392592592592593