1 0.1809090909090909 0.8211475409836066 0.13534545454545455 0.2183606557377049
1 0.31439999999999996 0.8622950819672132 0.1404 0.22912568306010928
1 0.4489090909090909 0.8743169398907104 0.14178181818181818 0.20961748633879781
1 0.5894545454545455 0.8878142076502732 0.14032727272727274 0.21453551912568306
1 0.7225818181818182 0.9086338797814207 0.15370909090909093 0.1826775956284153
1 0.8418181818181818 0.9110928961748633 0.09236363636363636 0.15355191256830603
0 0.3905090909090909 0.35092896174863386 0.21181818181818182 0.36382513661202187
0 0.6006545454545454 0.3868306010928962 0.2061818181818182 0.3713661202185792
0 0.18832727272727273 0.38907103825136613 0.13625454545454546 0.3097814207650273
0 0.0592 0.3914754098360656 0.11843636363636363 0.40049180327868855
0 0.7910545454545455 0.4636065573770492 0.18247272727272726 0.3102732240437159
0 0.9262181818181818 0.5054098360655738 0.14756363636363637 0.37103825136612023