0 0.8813141025641027 0.6416049382716049 0.09208333333333334 0.1341358024691358
0 0.15855769230769232 0.6640123456790124 0.12830128205128205 0.17320987654320988
0 0.800128205128205 0.7444444444444445 0.10157051282051283 0.23123456790123456
0 0.2050320512820513 0.7878395061728395 0.11907051282051281 0.24814814814814817
1 0.6917307692307693 0.8143827160493827 0.11663461538461539 0.25925925925925924
0 0.3263141025641026 0.8222222222222222 0.1098076923076923 0.2337037037037037
1 0.5708653846153846 0.8419753086419753 0.13612179487179488 0.24358024691358024
1 0.44413461538461535 0.8487654320987654 0.11955128205128204 0.2332716049382716
0 0.8760897435897436 0.44320987654320987 0.13464743589743589 0.2575925925925926
0 0.7508333333333334 0.4450617283950617 0.12663461538461537 0.2333333333333333
0 0.6048076923076923 0.4512345679012345 0.17362179487179488 0.2883950617283951
0 0.3841025641025641 0.46524691358024695 0.2100320512820513 0.2966666666666667
1 0.11766025641025642 0.4670987654320988 0.12708333333333333 0.2575925925925926
0 0.0346474358974359 0.4708024691358024 0.06413461538461539 0.12839506172839507
0 0.23833333333333334 0.4811111111111111 0.12189102564102565 0.19006172839506172