0 0.6206688963210703 0.6987573964497041 0.030836120401337794 0.07662721893491124
1 0.5923745819397993 0.7578106508875739 0.0540133779264214 0.10532544378698225
1 0.4383277591973244 0.7872189349112425 0.0465551839464883 0.06041420118343196
1 0.5431438127090301 0.7939644970414201 0.04595317725752508 0.09076923076923077
1 0.49438127090301 0.7943786982248521 0.04946488294314381 0.08970414201183433
0 0.6081939799331103 0.41420118343195267 0.043946488294314384 0.08810650887573965
0 0.34046822742474914 0.42497041420118337 0.04561872909698997 0.11171597633136095
0 0.3874247491638796 0.42710059171597636 0.05521739130434783 0.10674556213017751
0 0.5387959866220735 0.4348520710059171 0.06856187290969899 0.11792899408284023
0 0.44765886287625417 0.43597633136094677 0.06668896321070235 0.11236686390532544
0 0.6567558528428094 0.4505917159763314 0.04899665551839465 0.0834319526627219