0 0.8865818181818181 0.6480434782608695 0.1057090909090909 0.17652173913043476
1 0.04098181818181818 0.66625 0.07298181818181819 0.12179347826086957
1 0.1308 0.7041304347826087 0.13323636363636363 0.18934782608695655
1 0.7058181818181818 0.7152173913043478 0.1448727272727273 0.25244565217391307
0 0.8366909090909092 0.7205978260869565 0.1225090909090909 0.2095108695652174
1 0.4652727272727273 0.7228260869565217 0.10629090909090909 0.19733695652173913
1 0.23698181818181818 0.7273369565217392 0.13116363636363637 0.17831521739130435
1 0.5895272727272728 0.7293478260869565 0.13705454545454546 0.16657608695652174
1 0.3544363636363636 0.7380434782608696 0.12087272727272728 0.16804347826086957
0 0.7334909090909091 0.4521195652173913 0.10563636363636364 0.22777173913043477
0 0.5898545454545455 0.4607608695652174 0.17396363636363638 0.32630434782608697
0 0.8170909090909091 0.46413043478260874 0.0924 0.2855978260869565
0 0.37534545454545454 0.4743478260869565 0.1822181818181818 0.33766304347826087
0 0.22414545454545454 0.49222826086956517 0.13327272727272726 0.25728260869565217
0 0.10465454545454546 0.5114673913043478 0.11585454545454545 0.23119565217391305