1 0.0541 0.4232 0.057800000000000004 0.1478
0 0.9531999999999999 0.4362 0.09369999999999999 0.1681
1 0.11710000000000001 0.45 0.0998 0.213
1 0.7482 0.45 0.1185 0.2217
1 0.2229 0.4507 0.1143 0.24059999999999998
0 0.8467 0.4543 0.0779 0.23620000000000002
0 0.5786 0.46590000000000004 0.1852 0.24489999999999998
0 0.3823 0.47100000000000003 0.18960000000000002 0.24350000000000002
0 0.8779 0.5971 0.0736 0.0696
0 0.2077 0.608 0.0694 0.0971
0 0.7706000000000001 0.6196 0.0823 0.10289999999999999
0 0.3134 0.6355 0.1128 0.1232
1 0.6728000000000001 0.6470999999999999 0.09820000000000001 0.1522
1 0.4316 0.6681 0.1084 0.1507
1 0.5446 0.6725 0.09390000000000001 0.1507