0 0.9314245810055866 0.7015811965811966 0.09726256983240224 0.22243589743589742
1 0.03988826815642458 0.7082051282051282 0.07974860335195531 0.22867521367521368
1 0.6692458100558659 0.7144017094017093 0.11924581005586592 0.23094017094017094
1 0.8783519553072625 0.7201709401709402 0.12935754189944135 0.25598290598290596
1 0.09164804469273743 0.721025641025641 0.134804469273743 0.28611111111111115
1 0.32717877094972064 0.7389316239316239 0.12134078212290503 0.23645299145299145
1 0.789804469273743 0.7554273504273504 0.13695530726256983 0.3214957264957265
1 0.5681284916201117 0.7644871794871795 0.131536312849162 0.261025641025641
1 0.4459776536312849 0.7797008547008547 0.12097765363128492 0.28346153846153843
1 0.2023463687150838 0.7815384615384615 0.1352513966480447 0.38397435897435894
1 0.7797486033519553 0.27645299145299146 0.1461731843575419 0.2923931623931624
1 0.41100558659217873 0.28914529914529913 0.2134078212290503 0.2934188034188034
1 0.6154189944134077 0.2908974358974359 0.1965921787709497 0.2826068376068376
1 0.23022346368715085 0.29444444444444445 0.1572905027932961 0.2714102564102564
1 0.9087709497206703 0.2956837606837607 0.12491620111731844 0.343034188034188
1 0.09064245810055867 0.29871794871794877 0.12762569832402235 0.33534188034188034
1 0.03217877094972067 0.3505128205128205 0.06432960893854749 0.2757264957264957